5000 9368
1 2
1 38
1 62
1 66
1 111
1 139
1 211
1 273
1 283
1 374
1 385
1 447
1 509
1 531
1 533
1 772
1 878
1 891
1 1181
1 1203
1 1322
1 1353
1 1531
1 1546
1 1644
1 1667
1 1698
1 2003
1 2097
1 2111
1 2140
1 2146
1 2171
1 2175
1 2223
1 2301
1 2302
1 2478
1 2498
1 2569
1 2582
1 2631
1 2738
1 2741
1 3166
1 3188
1 3189
1 3202
1 3236
1 3245
1 3270
1 3300
1 3311
1 3326
1 3340
1 3372
1 3382
1 3398
1 3453
1 3457
1 3459
1 3490
1 3491
1 3519
1 3567
1 3574
1 3592
1 3600
1 3622
1 3712
1 3776
1 3825
1 3834
1 3844
1 3866
1 3872
1 3889
1 3890
1 3910
1 3919
1 3928
1 3931
1 3978
1 3983
1 3986
1 3992
1 4011
1 4013
1 4029
1 4059
1 4061
1 4068
1 4084
1 4191
1 4213
1 4217
1 4219
1 4249
1 4264
1 4266
1 4273
1 4278
1 4282
1 4291
1 4293
1 4294
1 4297
1 4317
1 4327
1 4334
1 4351
1 4378
1 4422
1 4431
1 4449
1 4462
1 4486
1 4550
1 4562
1 4574
1 4595
1 4600
1 4606
1 4637
1 4648
1 4655
1 4660
1 4661
1 4707
1 4714
1 4717
1 4724
1 4752
1 4775
1 4787
1 4804
1 4806
1 4813
1 4835
1 4845
1 4872
1 4876
1 4881
1 4892
1 4896
1 4925
1 4939
1 4982
1 4986
2 3
2 4
2 5
2 6
2 7
2 8
2 9
2 10
2 11
2 12
2 13
2 14
2 15
2 16
2 17
2 18
2 19
2 20
2 21
2 22
2 23
2 24
2 25
2 26
2 27
2 28
2 29
2 30
2 31
2 32
2 33
2 34
2 35
2 36
2 37
2 973
2 2822
2 4154
3 39
3 40
3 41
3 42
3 43
3 44
3 45
3 46
3 47
4 48
4 49
5 50
51 1293
51 1419
52 515
52 610
52 1070
52 1072
53 686
53 3508
53 3817
54 2857
54 3625
55 2711
55 3798
55 4981
56 2368
56 3310
57 588
57 2004
57 2936
57 3509
58 3063
58 4943
59 671
59 1478
59 3378
59 3963
59 4157
59 4581
60 1470
60 2391
61 208
61 2793
61 3187
63 278
63 356
63 4232
63 4623
64 2084
64 2347
64 3840
65 238
65 262
65 1649
65 3887
65 3933
67 275
67 464
67 2990
67 3130
67 3334
67 4028
67 4440
67 4578
67 4603
68 1879
68 2960
69 970
69 1635
69 3315
69 3566
70 2775
70 3078
70 3174
70 3186
70 4237
71 260
71 1466
71 1679
71 4319
72 2962
72 3409
72 3586
72 3725
72 4133
73 486
73 1335
73 2612
73 2868
73 4534
74 926
74 1622
75 344
75 1039
75 3797
76 141
76 427
76 1167
76 1751
76 2462
76 3980
76 4345
76 4546
77 639
77 1184
77 2235
77 2362
77 3160
78 365
78 1770
78 2445
78 3876
79 1482
79 1565
79 2887
79 3504
79 4910
80 383
80 546
80 832
80 1934
80 1948
80 2681
80 2832
80 3060
80 3279
80 4065
80 4731
81 361
81 1337
82 1459
82 2528
82 2922
82 3734
82 4197
82 4771
83 190
83 2091
83 2240
83 2331
83 3113
83 4563
84 1188
84 4626
85 318
85 1502
85 1512
85 2652
85 3686
86 777
86 1720
86 2840
86 3210
86 4408
86 4688
87 2961
87 4109
87 4169
87 4991
88 643
88 1225
88 2800
88 3989
88 4181
88 4645
88 4743
89 2553
89 2767
89 3475
89 3494
89 3965
89 3996
89 4411
90 661
90 1792
90 2287
90 4123
90 4152
91 1226
91 1344
91 1476
91 4586
91 4861
92 515
92 647
92 1614
93 943
93 3041
93 3581
94 842
94 3780
94 3869
94 4175
94 4444
95 1426
95 2466
95 3306
95 3839
96 631
96 4819
97 624
97 833
97 2278
97 4141
98 326
98 2708
98 3899
98 3927
98 4776
99 649
99 817
99 2356
99 2607
99 2708
100 1120
100 1242
101 1127
101 1257
101 2874
102 813
102 1324
102 1455
102 1720
102 2286
102 2419
102 2430
102 2623
102 3209
102 3959
102 4188
103 608
103 1992
103 2202
104 564
104 979
104 1306
104 2198
104 3278
105 823
105 2234
105 4245
105 4822
106 400
106 824
106 1458
106 1550
106 1652
106 1949
106 2198
106 3531
107 1029
107 4625
108 1078
108 2513
108 2749
108 3829
108 4985
109 276
109 1389
109 1390
109 1802
109 1872
109 2730
109 3054
109 3231
110 819
110 1814
110 2515
110 3985
112 1269
113 1087
113 3894
114 756
114 1840
115 609
115 1202
115 1304
115 1388
115 4314
115 4604
116 807
117 2848
117 3026
117 3082
117 3332
117 3618
117 4332
117 4824
118 128
118 1138
118 4540
119 3022
119 3250
119 3643
120 768
120 2074
120 2827
121 826
121 1755
121 3735
122 950
122 1847
122 2381
122 2637
122 3416
122 3900
123 2042
123 2402
123 2860
123 2962
123 3144
124 131
124 397
124 2564
124 4611
125 598
126 837
126 1071
126 1402
126 4325
126 4518
127 331
127 1913
127 2272
127 4610
127 4708
128 2456
128 2742
128 3123
128 3221
128 3462
128 3842
129 588
129 1098
129 1556
129 3127
129 4015
129 4232
130 1717
130 2377
130 3796
131 871
131 1936
131 2994
131 3458
131 4304
132 307
132 308
132 422
132 828
132 1783
132 2217
132 2271
132 3115
132 3420
133 938
133 1646
133 3004
133 3127
133 4777
134 260
134 1490
134 2031
134 2791
134 4094
134 4373
134 4886
135 998
135 1946
135 3258
135 4055
135 4934
136 622
136 3350
136 3789
137 2483
137 2591
137 3031
137 3052
137 3867
137 4951
138 1130
138 3165
138 4215
140 2338
140 2446
140 2773
140 3162
140 4424
141 2202
141 3998
141 4100
141 4667
142 631
142 3095
143 1104
143 1589
143 2070
143 4069
143 4210
144 284
144 2419
144 3116
144 4636
145 1810
145 2560
145 3988
146 480
146 1410
146 1882
146 2222
146 3146
146 3566
146 4097
146 4306
147 702
147 2076
147 2102
147 2604
147 3338
148 538
148 2295
148 3482
149 2104
149 2193
149 2772
149 3355
149 3486
149 3670
149 3704
150 173
150 499
150 773
150 1911
150 2104
150 2669
150 4395
150 4502
150 4740
151 2258
151 3842
151 4108
152 1527
152 3558
153 1445
153 2699
153 4910
154 1198
154 2852
154 3909
154 4463
155 1899
155 4554
156 3192
157 793
157 1382
157 2021
157 2718
157 4784
158 2349
158 4484
159 400
159 450
159 904
159 1183
159 3370
159 3618
160 1611
160 3486
161 164
161 376
161 559
161 950
161 2466
161 3955
161 4168
162 1342
162 1579
162 2032
162 2210
162 3092
162 3261
162 4861
163 1269
163 2535
163 3840
163 3884
163 4467
164 774
164 2174
164 3119
164 4000
164 4635
165 1193
165 1329
165 3446
166 634
166 851
166 1670
166 1993
166 2005
166 2682
166 3169
166 3989
166 4158
166 4690
167 234
167 1847
167 3657
167 3934
167 4767
168 376
168 1062
168 2930
168 3298
168 3470
168 3841
168 4176
169 1781
169 3576
169 4200
170 2390
171 2937
171 3808
171 4388
172 181
172 2147
172 3611
172 3613
172 3922
172 4494
173 844
173 977
173 2121
173 2502
173 3280
174 181
174 842
174 3627
174 4100
174 4687
174 4799
175 315
175 1220
175 4671
176 710
176 2906
177 308
177 642
177 4172
177 4202
177 4934
178 729
178 2312
178 4336
178 4456
178 4948
179 482
179 4426
179 4624
180 221
180 2226
180 3719
180 4838
181 1043
182 1919
182 2761
182 3530
183 4471
184 234
184 2608
184 2944
184 3846
184 4994
185 193
185 239
185 812
185 3448
185 4168
186 2529
186 2902
186 3885
187 1945
187 2866
187 3213
187 3404
187 3637
188 1418
188 1665
188 1801
188 2880
188 3120
188 3558
188 3565
188 4331
189 1236
189 4256
190 1389
190 1691
190 3317
190 3952
190 4382
191 1078
191 2666
191 4927
192 3400
192 3626
192 3933
193 3673
194 329
194 1974
194 2685
194 3262
195 1175
195 1741
195 2877
196 462
196 512
196 519
196 1146
196 2804
196 2906
197 1034
197 2226
198 704
198 952
198 1331
198 2607
198 2637
198 3164
198 3330
198 4301
199 1170
199 3535
200 880
200 1600
200 1722
200 2839
200 4026
201 559
201 1011
201 1095
201 3759
202 360
202 516
202 1133
202 2211
202 3534
203 469
203 2247
203 2491
203 4167
203 4645
204 2536
204 3589
204 3634
204 4528
205 880
205 1551
205 1552
205 2566
205 4402
206 3638
206 4676
207 210
207 520
207 879
207 2084
207 2938
207 2957
207 4448
207 4785
208 548
208 2614
209 3555
209 4181
209 4588
210 683
210 2875
210 3242
210 4649
212 4551
213 2069
213 4680
214 1603
214 4242
214 4303
214 4432
214 4641
215 1719
215 2608
215 3820
216 2442
216 4517
217 2676
217 2897
218 1319
219 1921
219 2365
220 1789
220 2124
220 2238
220 4320
221 321
221 2867
221 4056
222 1436
222 1799
222 2226
222 3017
222 3467
222 4152
223 2059
223 3636
224 718
224 1936
224 3280
224 3656
224 4238
225 823
225 934
225 2077
225 2468
225 2713
225 3584
225 3736
225 4883
226 2942
226 4270
227 591
227 1642
227 1970
227 4012
228 505
228 1270
228 1515
228 4615
228 4631
229 809
229 1139
229 3876
229 4340
230 1939
230 3987
230 4816
231 398
231 2121
231 3399
231 3488
231 3982
232 869
232 2032
232 3029
232 3385
232 4985
233 1359
233 1789
233 2025
233 3295
233 3699
233 4409
233 4900
234 445
234 1002
234 1601
234 2164
235 1290
235 4987
236 327
236 2356
236 3065
236 3947
236 3966
237 357
237 1099
237 1121
237 1461
237 3110
237 3876
238 604
238 746
238 2562
238 2710
238 3521
239 1491
240 2713
240 3613
240 3665
240 4043
240 4062
241 634
241 857
241 1551
241 3227
242 676
242 1032
242 1456
242 2492
242 4058
243 457
243 2006
243 2185
243 2393
243 3264
243 3733
244 566
244 758
244 3652
245 769
246 1631
247 916
248 2342
248 2756
248 4126
249 2141
249 2235
249 2604
249 4233
249 4975
250 333
250 945
250 2049
250 2083
251 359
251 1023
251 2616
251 3335
251 3344
251 4512
252 1921
252 3364
253 449
253 1328
253 3285
253 3991
254 1611
254 1801
254 2149
254 3506
254 4067
255 341
255 551
255 1133
255 1354
255 1734
255 1785
255 2655
255 4785
256 2123
256 3135
256 3296
256 4579
257 1148
257 1450
257 2029
257 3405
257 4034
257 4298
258 3072
258 4723
258 4859
259 3979
260 2778
261 2613
261 2972
261 3935
261 4915
262 493
262 2630
262 2791
262 3675
263 3485
263 3740
263 3857
263 4241
264 1110
264 2746
264 3103
265 1975
265 2064
265 3175
265 3832
266 787
266 794
266 3561
266 4504
267 355
267 2366
267 4739
268 424
268 1388
268 1396
268 1814
268 2595
268 3460
268 4083
268 4590
268 4654
269 1902
269 3050
269 3352
270 2558
270 3990
270 4573
271 707
271 887
271 1424
272 348
272 912
272 1550
272 1642
272 3062
272 4171
274 846
274 3150
275 311
275 398
275 1091
275 2678
276 1035
276 3621
276 4548
277 1391
277 2300
277 2694
277 3533
277 3944
278 1971
278 2801
278 2913
278 4795
279 1345
279 1719
279 2669
279 3250
279 4553
280 2260
280 3972
281 2290
281 3421
281 3504
281 4664
281 4808
281 4883
282 1228
282 1540
282 2723
282 3915
282 4853
284 1368
284 1440
284 1879
284 1903
284 1923
284 3246
284 3424
284 3745
284 4204
285 1259
285 2890
285 3287
285 4903
286 874
286 1474
286 3430
286 4166
287 1351
287 2287
287 4005
288 423
288 1568
288 2070
288 3953
289 587
289 944
289 1069
289 4942
290 394
290 2180
290 2564
290 4929
291 550
291 695
291 2758
291 3656
291 4147
292 1933
292 3346
292 4761
293 418
293 3198
293 4538
293 4908
294 907
294 1439
294 2351
294 3045
294 4377
295 416
295 734
295 2695
295 4006
296 1286
297 651
297 889
297 1334
297 2814
297 3565
297 4375
297 4811
298 775
298 2889
298 2940
298 3815
298 3961
298 4993
299 2009
299 2527
299 3171
299 3422
299 3539
300 1215
300 1388
300 1447
300 3424
301 2313
301 2634
301 3042
301 3606
301 3875
301 4009
301 4012
302 2360
303 1731
303 2954
303 4277
304 1516
304 2001
304 2020
305 2170
305 4749
306 1306
306 3120
306 3215
307 2101
307 4138
308 1762
308 2217
308 2603
309 397
309 1021
309 2006
309 2032
309 2040
309 4298
310 503
310 1010
310 1581
310 3934
310 3991
310 4662
311 794
311 819
311 1619
311 2139
311 2493
311 2951
311 3240
311 4443
312 789
312 1033
312 1418
313 1522
313 2753
313 3089
314 820
314 2511
315 598
315 2007
316 714
316 1938
316 2564
316 3595
316 3610
317 991
317 2753
317 4091
317 4651
318 1413
318 1775
318 2459
318 3711
318 4234
318 4265
319 588
319 2086
319 2314
319 2763
319 3053
319 4058
319 4705
319 4751
320 866
320 1933
320 2943
320 3659
320 3918
321 2330
322 324
322 603
322 2352
322 2496
322 2545
322 2548
322 2749
322 3184
323 1720
323 3190
323 3222
323 3544
323 4559
324 2270
324 2453
324 4821
325 352
325 397
325 1288
325 2121
325 2612
325 2918
325 3023
325 4140
326 1610
326 1822
326 2760
326 2772
326 3157
326 4057
326 4577
327 2862
328 3036
329 4274
329 4470
330 684
330 727
330 1099
330 1946
330 4072
330 4748
331 332
331 2348
331 2790
331 3735
332 2208
332 2441
332 3750
332 3917
333 1261
333 3603
333 3738
333 3746
333 4954
334 1094
334 1408
334 2671
334 2808
334 3746
334 3764
335 1901
335 2805
335 3234
335 3306
335 4310
336 1432
336 3248
337 819
337 1343
337 2551
337 2817
337 3371
338 717
338 3750
338 3771
338 4023
338 4262
338 4380
339 632
339 2627
339 3072
339 3388
339 3688
340 397
340 2054
340 2405
340 2577
340 4071
340 4545
341 3141
341 3580
341 4669
342 1444
343 2611
343 2683
343 3485
343 4764
344 4663
345 384
345 2343
345 2638
345 3990
346 530
346 3055
346 3171
346 4369
346 4668
347 1817
347 3099
347 3995
347 4231
347 4715
348 673
348 813
348 2993
348 3170
349 2702
349 3052
349 3058
349 4948
350 367
350 571
350 1383
350 2685
350 3514
350 4184
351 3781
351 3837
352 401
352 540
352 1441
352 3003
352 3507
352 3558
352 3901
352 4067
353 650
353 3111
354 504
354 1373
354 2885
354 3210
354 3859
355 1307
355 4248
355 4488
355 4504
356 412
356 2383
356 2482
356 4185
356 4932
357 1437
357 1939
357 2710
357 3847
357 4681
357 4996
358 3203
358 3362
358 3612
358 4650
358 4909
359 980
359 4379
360 503
360 1863
360 3709
361 1588
362 1249
362 1729
362 3923
363 3021
363 3463
363 3743
364 1737
364 2197
364 2942
364 3713
365 1724
365 3564
365 4488
366 1472
366 1931
366 2332
366 3036
366 4768
367 512
367 1031
367 1626
367 2059
367 2861
367 2964
367 3002
367 4573
368 1268
368 1269
368 1348
368 1662
368 2105
368 3711
369 1103
369 2815
369 3788
370 1731
370 3316
370 3617
370 4035
371 2740
371 2959
371 3526
372 733
372 2890
372 3285
372 3429
372 3862
372 4082
372 4779
373 1523
373 4427
373 4451
373 4541
373 4979
375 472
375 873
375 2105
375 2244
376 732
376 1510
377 1785
377 4138
377 4450
377 4622
377 4863
378 2656
378 2973
378 4524
378 4962
379 703
379 3435
379 3759
379 4474
379 4744
380 1905
380 2734
380 3105
380 3108
380 3612
380 4238
381 773
381 1053
381 2343
381 2683
381 4683
382 2016
382 2539
382 3778
382 4145
382 4849
382 4851
383 929
383 2155
384 1334
384 1426
384 2462
384 3291
384 4453
384 4613
386 1038
386 2954
387 736
387 746
387 3441
387 4353
388 1986
388 2849
388 3258
388 3360
389 872
389 2632
389 3071
389 3943
389 4050
390 830
390 1167
390 1781
390 1929
390 3168
390 3423
390 4185
391 1372
391 1552
391 1713
391 2513
391 2623
391 2638
392 614
392 942
392 1124
392 1682
392 3628
392 4903
393 917
393 2968
393 4544
393 4689
393 4693
394 1920
394 3412
395 2974
395 3397
395 3585
395 3737
395 4690
395 4748
396 1282
396 1368
396 4405
396 4519
397 1746
397 3698
397 4702
397 4957
398 1366
398 2116
398 2515
399 1130
399 1220
399 1802
399 4546
399 4613
400 899
400 989
400 1129
400 3228
400 3258
400 4008
401 4817
402 2748
402 3286
403 1131
403 1883
403 2912
403 3605
403 3895
403 4760
404 1364
405 1629
405 2424
405 2840
405 3882
406 1938
407 1101
407 1692
407 2213
407 3870
408 798
408 2074
408 4515
409 827
409 871
409 1488
410 3317
410 4559
411 514
411 1942
411 2674
411 2840
412 755
412 1136
412 1284
412 1615
412 2721
412 3549
413 1894
414 625
414 2351
414 2630
415 1121
415 2183
415 2544
415 3479
416 811
416 1268
416 1387
416 2329
416 2482
417 2535
417 3542
417 3609
417 3988
417 4263
418 741
418 2433
418 3391
418 4797
419 1820
419 2232
419 4019
419 4643
419 4974
420 593
420 4004
420 4577
421 2078
421 2780
421 3406
421 3652
421 4066
422 655
422 872
422 2139
422 2151
422 2322
422 2418
422 2939
423 1455
423 2150
423 3071
423 4926
424 1715
425 548
425 556
425 1452
425 1490
425 2396
425 2634
425 3193
425 3283
425 4113
425 4257
426 501
426 3481
426 3754
426 4947
426 4965
427 1786
427 2965
427 3405
427 3432
427 4118
428 900
429 2101
429 2730
429 3378
429 4253
429 4909
430 2633
430 2770
430 4696
431 759
431 1081
431 1775
431 2835
431 3528
431 4453
432 1902
432 3506
432 3577
432 3634
432 4146
433 1262
433 3012
434 709
434 2688
434 3277
434 4712
435 1042
435 1272
435 2594
436 779
437 866
437 932
437 2989
437 3510
438 1108
438 1963
438 2917
438 2982
438 3135
439 659
439 2193
439 3551
439 3793
439 3904
439 4162
439 4765
439 4910
440 1053
441 541
441 807
441 834
441 2417
441 3649
441 3960
442 941
442 957
442 2666
442 3075
442 4558
442 4830
443 714
443 848
443 2025
443 2353
443 3860
443 4541
443 4926
444 2513
444 2530
444 3969
445 752
445 1963
445 1977
445 3060
446 793
446 1503
446 3150
446 4538
448 3104
448 3483
448 3626
448 4894
449 3726
450 1262
450 1812
450 2324
450 3933
450 4521
451 1981
451 2995
451 3468
451 3573
451 3923
452 928
452 2770
452 3266
452 3893
452 3946
452 4586
453 2226
453 2375
453 4287
453 4534
454 880
454 2307
454 3531
454 3759
455 1131
455 1597
455 2092
455 4110
455 4455
456 2391
456 2819
457 466
457 1705
457 1896
457 2996
457 4080
457 4086
457 4311
457 4583
458 840
458 2176
458 3083
458 3503
458 3800
458 4488
459 798
459 890
459 1359
459 2041
459 3885
459 4018
459 4586
460 974
460 1596
460 3435
460 4081
460 4383
460 4889
461 1999
461 3609
462 1019
462 1755
462 1953
462 4358
463 701
463 2555
463 3530
463 4079
463 4515
464 1578
464 2673
464 3468
464 4036
464 4523
464 4959
465 804
465 2709
465 4170
466 2261
466 3451
466 3553
466 3751
466 4784
467 507
467 1606
467 2150
467 3980
467 4571
468 723
468 2743
468 4558
469 1346
469 1697
469 2225
470 2031
471 1348
471 1795
472 1730
472 2907
472 2990
472 3743
473 830
473 2412
473 2622
473 3925
473 4128
473 4377
473 4997
474 1912
474 2482
475 1434
475 2222
475 2509
475 2543
476 2261
476 3544
476 4209
476 4423
476 4825
477 1089
477 2697
477 2990
477 3753
477 4079
477 4361
478 1515
478 3305
478 4105
479 995
479 1314
479 2909
479 4478
480 2274
480 2773
480 3450
481 2130
482 3025
482 3195
482 3610
483 1067
483 1433
483 3367
483 4044
484 689
484 2781
484 3112
484 3146
484 3943
485 817
485 2630
485 3412
485 3726
485 4633
485 4922
486 3848
486 4671
486 4890
487 2388
487 3730
487 4728
488 549
488 853
488 4133
488 4329
489 976
489 1486
489 1596
489 1901
489 4226
489 4370
490 550
490 2004
490 4796
491 801
491 1373
491 2801
491 2974
492 2931
492 4499
493 1185
493 2557
493 2637
494 840
494 1394
494 1762
494 3302
494 4056
495 959
495 2362
495 2529
495 2688
495 2827
495 3877
495 4750
496 504
496 2410
496 3132
496 3158
496 3293
496 4320
497 1366
497 1424
497 4696
498 2539
498 4189
499 906
499 1605
499 1795
500 2963
500 3399
500 4882
501 3563
502 1127
502 1609
502 2483
502 3497
503 655
503 1718
503 3554
504 644
504 1219
504 4415
504 4476
505 554
505 2806
505 2872
505 3048
505 3186
505 3658
506 540
506 2494
506 3115
506 4026
507 538
507 1441
507 2843
507 3014
507 3877
507 4732
507 4924
508 896
508 2271
508 3365
508 3701
508 4590
510 2545
510 4856
511 1033
511 1130
511 1957
512 2108
512 2170
512 2683
512 3403
512 4057
513 2420
514 532
514 610
514 1866
514 2199
514 2934
514 3692
514 4014
515 529
515 651
515 745
515 3158
516 1031
516 2332
516 4043
517 2170
517 2214
517 3791
517 4239
517 4931
518 1137
518 1250
518 1971
518 2202
519 832
519 1974
519 2877
519 3710
519 4220
520 572
520 3848
521 1728
521 2323
522 1290
522 2398
522 3433
522 3802
523 926
523 1593
523 3233
523 4055
524 1786
524 3090
524 3383
525 978
525 2781
525 3243
525 4676
526 1976
526 4173
526 4316
527 3204
527 4470
527 4820
528 898
528 2255
528 2420
529 1879
529 2207
529 2264
529 3283
529 3674
529 4225
529 4770
530 941
530 1012
530 1695
530 1995
530 4701
532 718
532 1762
532 2980
534 593
534 1456
534 2079
534 3174
534 4109
534 4265
534 4396
535 2038
535 4336
535 4480
536 1536
536 4358
537 2942
537 3050
537 4657
538 1056
538 1308
538 1432
538 1893
539 1380
539 2173
539 3761
540 714
540 2518
540 2731
540 2803
540 3121
541 832
542 603
542 1333
542 3228
542 3990
543 3582
543 4594
544 2096
544 4602
544 4640
545 1279
545 2173
545 3499
545 4290
546 989
546 1642
546 1797
546 2197
546 2561
547 2517
547 2937
547 3097
548 2620
548 3950
549 2221
549 4056
549 4686
550 3173
550 4406
551 2701
551 3107
551 3747
551 3977
552 3960
552 4756
553 2173
553 2260
553 3367
553 4415
554 1341
554 2022
554 2666
554 3017
554 4207
554 4386
554 4434
554 4617
555 2488
555 2759
555 3363
555 3941
555 4319
556 2499
556 3411
557 739
557 1699
557 1941
558 1168
558 1595
558 2749
558 3711
559 2246
559 2759
559 3873
559 4683
560 953
560 3224
560 4763
561 675
562 3414
563 970
563 1067
563 1168
563 2678
564 615
564 636
564 1478
564 2281
564 4034
564 4830
565 901
565 3580
566 1508
566 1946
566 2291
566 2520
567 764
567 2228
568 4118
568 4916
569 3229
569 3715
569 3832
570 1760
570 4984
571 1646
571 3737
571 3901
571 4783
572 752
572 993
572 1940
572 2052
572 3109
572 4535
572 4696
572 4862
573 836
573 1066
573 1452
573 2200
573 2506
573 2978
573 3642
573 4513
574 1000
574 2311
574 2697
575 735
575 1121
575 2957
576 2046
576 3048
576 3641
576 4289
576 4827
577 1219
578 2434
578 4130
578 4867
579 2141
579 2481
579 2952
579 3843
579 4043
580 1518
580 2385
580 3218
580 4870
581 627
581 808
581 2105
581 2652
582 585
582 1420
582 3604
582 3911
583 1165
583 1672
583 2309
583 2825
583 3636
583 3740
583 3789
583 3914
584 2025
585 3101
585 3320
586 2554
586 3040
586 3547
586 3630
586 4160
586 4693
587 1304
587 2010
587 2267
588 1849
588 2830
588 3591
588 4125
589 1175
589 1226
589 2035
589 3027
589 3707
589 4221
590 1935
590 1961
590 2950
590 3023
590 3144
590 4465
591 1496
591 1796
591 2688
591 3087
592 624
592 823
592 2061
592 2405
592 3234
592 3920
592 4158
592 4869
593 2133
593 3586
594 1629
594 1779
594 2010
594 2568
594 3240
594 3241
595 1357
595 1870
595 4935
596 702
596 3560
596 3718
597 2139
597 3797
598 1604
598 3616
598 4183
599 2505
599 3586
600 1866
600 2294
600 4128
600 4142
600 4902
601 1355
601 2006
601 3063
601 3317
602 1747
602 3223
602 4216
603 1509
603 2174
603 2816
603 2847
603 4794
604 1161
604 1874
604 2790
604 3554
604 3570
605 2735
606 1156
606 2735
606 4640
606 4670
607 1677
607 2251
607 3750
607 3790
608 2787
608 4323
608 4627
609 2422
609 2553
609 4075
610 1326
610 2245
610 3362
610 4407
610 4883
611 674
611 1134
611 2325
611 2706
611 3982
612 2077
612 2603
612 3556
612 4432
612 4523
613 1673
613 2397
613 2823
613 3144
614 1904
614 3648
614 4956
615 1905
615 4700
616 1067
616 1729
616 2523
616 4328
617 3294
617 4398
617 4863
617 4967
618 2403
618 2919
618 3075
618 4357
619 1542
619 3737
620 1224
620 1351
620 2316
620 3150
621 1208
621 3360
621 4380
621 4646
622 4942
623 1155
623 1884
623 1906
623 2595
623 3697
624 2923
624 3198
624 3749
624 4387
625 658
625 770
625 2010
625 3130
625 3588
626 1678
626 4744
627 1098
627 1794
627 2520
627 2544
627 4929
628 719
628 1794
628 1806
628 4391
628 4521
629 952
629 3513
630 1175
630 2051
630 4315
630 4789
631 1259
631 2862
631 4143
631 4178
631 4744
632 2999
632 3556
632 4803
632 4999
633 2063
633 2560
633 2834
633 3754
633 3902
633 4067
633 4326
633 4769
634 736
634 743
634 4670
635 789
635 938
635 2026
635 2747
635 2807
635 3448
635 3831
635 4461
636 959
636 969
636 994
636 1514
636 3700
636 4513
637 936
637 4498
638 818
638 1277
638 1918
638 3572
638 3658
638 4003
639 1308
639 2528
639 3364
639 4953
640 1287
640 1786
640 2045
640 2910
641 810
641 4363
641 4481
641 4790
641 4987
642 4781
643 882
643 2258
643 2388
644 919
644 1859
644 3209
645 1289
645 2998
645 3908
646 1951
646 2728
646 2760
646 2877
646 3395
646 3820
647 1125
647 2767
647 3696
647 3762
647 4107
648 2095
648 2206
648 2634
648 2670
648 3402
648 4906
649 710
649 1444
649 1982
649 3604
650 930
650 1171
650 2109
650 2724
651 1183
651 1711
651 2253
651 4102
652 1161
652 1674
652 2778
652 2879
653 1992
654 1126
654 1801
654 3936
655 3695
656 4440
656 4489
657 1184
657 3084
657 3518
657 3583
657 4631
658 1532
658 3288
658 3428
658 4539
659 1924
659 2679
660 1702
660 2489
660 2528
660 2854
661 3492
661 4770
662 1671
662 3126
662 4530
663 800
663 886
663 1481
663 1505
663 3850
664 2231
664 4576
665 1307
665 1363
665 1545
665 3800
666 1004
666 1597
666 2121
666 2543
667 811
667 2342
667 3210
667 4093
667 4216
667 4918
668 935
668 2123
668 2344
668 2775
668 3627
668 3698
669 721
669 4864
669 4981
670 1750
670 3964
671 1932
671 2245
671 2856
671 3693
671 3786
671 3845
672 1131
672 1770
672 2372
672 3542
672 3666
672 3715
672 4148
672 4567
673 1145
673 1351
674 1485
674 1906
674 2250
674 4577
675 946
675 1413
675 2081
675 2427
675 3147
675 4792
676 4690
677 874
677 3688
677 4526
678 915
678 1622
678 2073
679 802
679 865
679 1286
679 2029
679 4959
680 1521
680 2024
680 4439
680 4947
681 730
681 845
681 1745
681 1747
681 2320
681 3687
682 1534
682 2702
682 3520
683 2760
683 4639
684 1118
684 2982
684 4158
684 4840
685 2165
685 3216
685 3784
686 904
686 2314
686 2553
686 3361
687 945
687 1271
687 3117
687 4314
687 4979
688 1420
688 2338
688 3332
688 3419
688 3674
689 1479
689 2100
689 2107
689 2316
689 4173
689 4645
690 2453
691 2178
692 1843
692 2204
692 2307
692 4409
693 1425
693 3940
693 4001
694 2725
695 2075
695 3690
695 4166
695 4507
696 857
696 1241
696 2038
696 2046
696 2128
696 2438
696 3200
696 4800
697 1446
697 3371
698 4488
698 4960
699 863
699 1998
699 4516
699 4584
699 4838
700 3130
702 3132
702 3621
702 4884
703 2187
703 2510
703 4361
703 4759
704 3039
704 3221
704 3408
704 3692
704 4201
705 1616
705 2915
705 3162
705 3536
706 1337
706 1467
706 2514
706 3028
706 4816
707 2811
707 3079
707 3942
708 894
708 4216
709 980
709 2329
709 2641
709 4177
709 4223
710 1125
710 2183
710 2462
710 2483
710 2530
710 3882
711 2202
711 3472
711 3724
711 4588
711 4770
712 1815
713 2535
713 3021
714 1074
714 1820
714 4228
714 4277
715 2658
715 2864
715 3656
715 3822
715 4992
716 2524
716 2613
716 3118
716 4738
717 1929
717 4779
718 1959
718 4136
719 1750
719 2493
719 2520
720 2006
720 4106
721 994
721 1420
721 2891
721 3577
721 4081
722 1707
722 3356
722 4100
722 4428
723 857
723 913
723 3970
723 4408
724 1071
724 1232
724 2120
724 2293
724 3170
724 3645
724 4398
725 1439
725 4591
726 918
726 1193
727 2195
727 2495
727 3046
727 3849
727 4709
728 2841
728 3319
729 2234
729 2433
729 4256
729 4846
730 1095
730 2622
730 3180
730 3488
731 1769
731 4682
732 1177
732 1702
732 1819
732 2188
733 1857
733 3003
734 1455
734 2050
734 2779
734 4453
734 4543
735 1062
735 1846
735 4295
736 1363
736 2481
736 3417
736 3726
737 1858
737 2524
737 3945
738 1062
738 2835
739 780
739 1043
739 1417
739 2226
739 3308
739 3749
739 4137
740 1662
740 3748
740 3758
740 4967
741 1639
741 2304
741 2859
741 3139
741 3997
741 4332
742 2357
742 3034
742 4015
743 2547
743 3118
743 4225
744 3632
744 3673
745 1810
745 3468
746 1281
746 1372
746 1413
746 1957
746 3647
746 4142
746 4916
747 1416
747 3092
747 3492
748 1844
748 3114
748 4523
749 4103
750 861
750 3903
750 4450
751 1247
751 2676
751 3003
751 3469
751 4408
752 778
752 871
752 1724
752 2375
752 2732
752 3578
752 3679
752 3951
752 4497
753 2617
753 2839
754 2255
754 4551
755 1498
755 4615
756 1766
756 2186
756 2795
756 3785
756 4190
756 4543
757 803
757 923
758 1147
758 2122
758 2580
759 1270
759 2425
759 4603
759 4966
760 1399
760 1541
760 2423
761 1221
761 1575
761 1697
761 1783
761 1816
761 3148
761 4360
762 1912
762 4782
762 4910
763 1996
763 2848
763 3589
763 4666
764 1406
764 3803
764 3847
764 4911
765 4238
766 3601
766 4482
767 2890
767 3566
767 3685
767 4240
768 1928
768 2724
768 4179
769 3021
769 4697
769 4814
770 4376
770 4602
771 1094
771 1923
771 2982
773 1831
773 2350
774 1112
774 3109
774 3356
775 1095
775 3024
775 3383
775 3575
775 4657
776 1233
776 3139
776 3558
776 4066
776 4795
777 3257
777 3358
777 3582
777 4382
777 4628
778 1183
778 1700
778 2393
778 3120
778 3250
779 2376
779 3772
780 921
780 3909
780 4272
781 2068
781 2489
781 2580
781 3146
781 3892
781 4441
782 1125
782 1460
782 3169
782 3377
782 3499
782 3933
782 4536
783 814
783 2073
783 2589
783 3439
784 1443
784 2300
784 3298
784 4271
785 1766
785 4685
785 4932
786 3960
786 4481
787 930
787 2761
787 2899
787 3422
787 4720
788 807
788 1120
788 2702
788 4999
789 1536
789 3612
789 4325
789 4613
790 1049
790 1201
790 3625
790 4991
791 4580
792 955
792 1737
792 4976
793 2164
793 3645
793 4386
793 4484
793 4830
794 910
794 2996
795 1489
795 2756
795 4773
796 2763
796 3294
796 4977
797 3107
797 3246
797 3773
797 4941
798 907
798 2769
798 3887
798 4427
799 2241
799 2244
799 2826
799 4476
800 2045
800 2206
800 3862
800 4050
800 4458
801 1397
801 1566
802 2244
802 3721
803 1230
803 4115
803 4514
804 1534
804 2390
804 2693
804 3792
804 4475
804 4609
805 2328
805 4122
806 1289
806 1577
806 2789
806 3409
806 3932
806 4809
807 1866
807 2906
808 972
808 4340
809 1618
809 2160
809 3055
809 3720
810 1500
810 4411
811 1113
811 1817
811 2613
811 3082
811 3748
812 1687
812 1995
812 2266
812 2758
812 2995
812 4570
812 4659
812 4770
813 1419
813 1472
813 3643
813 4633
814 1774
814 2373
814 4972
815 3985
815 4802
816 996
816 2033
816 2257
816 3476
816 4331
817 2303
817 2570
817 4175
817 4324
818 2553
818 4414
819 1911
819 2985
820 3278
820 3603
820 4477
821 1852
821 2909
821 4444
822 1536
822 1539
822 2205
822 4150
822 4295
823 3989
823 4125
823 4734
824 2937
824 2971
825 3308
825 4311
826 1682
826 2627
826 2813
826 3894
827 1701
827 4762
828 1096
828 1604
828 3918
828 4410
829 1104
829 1652
829 2500
829 3894
829 4716
830 976
830 2555
830 4110
830 4331
831 910
831 1066
831 2112
831 3601
831 3807
831 4894
832 1321
833 2440
833 3288
833 3510
833 4232
834 1932
834 2485
834 2877
834 4401
834 4830
835 2184
835 3232
836 1449
836 1584
837 3907
838 2040
838 3428
839 840
839 1207
839 1266
839 1460
839 2810
839 4152
839 4759
840 2900
840 3277
841 1490
841 2466
842 3071
843 1382
843 3415
843 4477
844 862
844 921
844 2431
844 2439
844 3022
844 4836
845 3132
845 3444
846 1857
846 2505
846 3775
847 1682
847 2049
847 2373
847 4347
847 4363
847 4786
848 895
848 1106
848 1440
848 1631
848 3720
848 4597
848 4900
849 2365
849 2714
850 1826
851 1425
851 3007
851 4064
851 4441
851 4893
852 1760
852 3030
852 3047
852 3272
852 3277
852 4538
852 4575
853 3780
853 4045
853 4583
854 2063
854 2967
854 3841
854 4873
855 1761
855 3552
855 3960
856 1005
857 1919
857 2216
857 3075
857 3138
857 4596
858 888
858 925
858 1682
858 2377
858 2747
858 3370
858 4651
859 2025
859 4002
860 1573
860 4895
861 1293
861 2761
861 4691
862 2008
862 2218
863 2134
863 3613
864 1141
864 1549
864 1787
864 2807
864 3927
865 1364
865 1471
865 3790
866 949
866 1590
866 1964
866 4710
866 4808
867 934
867 939
867 1054
867 1587
867 2192
867 4017
867 4344
868 1071
868 3177
868 4349
868 4529
869 1611
869 1826
869 2102
869 4129
870 3092
870 3652
870 4970
871 4185
871 4643
872 1868
873 1234
873 1536
873 2422
873 2666
874 3973
875 1506
875 1609
875 2528
875 2543
875 3354
876 2167
876 2725
876 3336
877 1498
877 4343
879 2199
879 3335
879 3362
879 3833
881 1008
881 1045
881 2154
881 4587
881 4817
882 1379
882 3360
882 3552
883 2670
883 3287
883 4522
884 2831
884 3353
884 4363
885 2270
885 3403
885 3794
885 3926
885 4927
886 2409
886 4500
887 2192
887 4033
887 4218
888 1838
888 3522
888 3538
888 4300
888 4447
889 1122
889 3143
889 3344
889 4136
890 1413
890 1628
890 3725
890 4051
890 4651
892 1564
892 1867
892 2357
892 2753
892 2984
892 3414
892 4524
893 1506
893 2094
893 2244
893 2370
893 2407
893 3898
893 4236
893 4545
894 2045
894 2966
894 3545
894 3753
894 4590
895 1925
895 2035
895 2324
895 3171
895 4151
895 4673
896 3338
896 3822
896 4175
897 2157
897 2831
897 4085
898 1787
898 3087
898 3455
899 1245
899 1366
899 1788
899 3168
899 3532
899 4384
900 3861
901 1557
901 1728
901 2925
901 4808
902 1769
902 4235
902 4676
902 4914
903 2060
904 3215
904 3262
904 4491
905 965
905 1037
905 1047
905 1252
905 1557
905 1592
905 3589
906 1169
906 2993
907 1551
907 1568
907 3850
908 1569
908 2151
908 3867
909 1404
909 1997
909 2164
910 3312
910 4840
911 1971
911 2743
911 3306
911 4507
911 4772
913 1043
913 2034
913 2850
913 3819
913 4215
913 4490
914 2862
914 3222
914 3412
914 4371
914 4760
915 2276
915 2415
915 2467
915 2877
915 3290
916 1428
916 4344
916 4610
918 2397
918 2511
918 3184
918 3235
918 3337
918 3552
918 4332
918 4583
919 1261
919 1306
919 1623
919 1998
919 3333
919 3594
920 2893
920 2956
920 3484
920 4853
920 4952
921 2073
921 4742
922 2368
922 3595
922 3990
922 4695
923 2034
923 4492
924 935
924 2161
924 2706
924 4009
924 4142
925 1578
925 2636
925 3219
925 3286
925 3976
926 2802
926 3394
926 3655
926 4537
927 1139
927 1369
927 2826
927 3293
927 3564
928 1897
928 2860
928 3162
928 3895
928 4347
929 2434
929 2725
930 1782
930 2846
930 3649
930 4052
930 4095
931 1628
931 4242
931 4453
932 1476
932 1734
932 2108
932 3870
932 4124
932 4905
933 1204
933 3115
933 4371
935 2200
935 2784
936 1272
936 2366
936 2490
936 3692
937 939
937 1198
937 2187
938 4165
939 1668
939 2345
939 3533
939 4281
940 948
940 1216
940 1383
940 2515
940 2699
940 3373
940 3981
940 4479
941 4222
941 4841
942 1895
942 2354
942 4040
943 957
943 1670
943 3135
944 2023
944 3019
944 4385
945 1254
945 1444
945 1904
945 4674
946 1041
946 1097
946 2043
946 2103
946 2548
946 2601
946 3327
947 1714
947 2730
947 4360
947 4538
947 4748
948 1572
948 3939
949 1424
949 2583
949 3985
950 1207
950 1217
950 2247
950 2786
951 1117
951 1967
951 2872
951 2880
951 3168
951 3752
951 3984
951 4119
953 1042
953 1618
953 3767
953 4389
953 4403
953 4671
954 2087
954 3540
954 3858
955 3056
955 3330
955 3384
955 3917
956 1006
956 1025
956 2116
956 2853
957 1660
957 2389
957 4087
957 4771
958 1157
958 2710
958 4726
958 4846
959 4668
960 1183
961 1726
961 2277
961 2560
961 3583
961 4306
961 4458
961 4466
961 4994
962 3304
962 3918
962 4123
962 4344
963 1529
963 2971
963 3046
963 3727
964 983
964 1072
964 4246
964 4577
965 1048
965 2707
966 1084
966 2697
966 4700
967 1717
967 1790
967 1981
967 2013
967 2467
967 3553
968 3126
968 4348
968 4521
969 2227
970 2166
970 2877
970 4613
971 2624
971 3438
971 3977
971 4113
972 2862
972 3401
974 1333
974 1342
974 1643
974 4005
974 4231
974 4858
975 2382
975 4564
976 2276
976 3699
976 3730
977 1076
977 3527
978 2628
978 3548
979 1036
979 1242
979 1370
979 3468
979 3543
980 3309
980 3970
980 4387
981 3611
982 2637
982 3067
982 3619
982 3715
982 4729
983 2355
983 3973
984 1752
984 3305
984 4687
985 1449
986 1208
986 2787
986 3283
986 3829
987 1515
987 2440
987 2542
987 2604
987 3482
987 4263
988 3172
988 4171
988 4546
989 1588
989 1950
989 2338
989 4309
989 4635
990 1421
990 1612
990 2305
990 2621
990 3029
990 3180
990 3747
991 2002
991 2039
991 4802
991 4833
992 1222
992 3987
992 4566
992 4945
993 1183
993 1222
993 2356
993 2431
993 3739
994 3167
995 1257
996 2263
996 2527
996 3789
996 4052
996 4345
996 4517
997 1127
997 1245
997 2045
997 4119
997 4310
997 4846
997 4867
998 1084
998 2786
998 3996
998 4491
999 2915
999 3461
999 4509
1000 1247
1000 2754
1000 3083
1000 3362
1000 3537
1000 4401
1000 4772
1001 1201
1001 2274
1002 3746
1002 4098
1002 4145
1002 4751
1003 1041
1003 2158
1003 4040
1003 4905
1004 1145
1004 1173
1004 1529
1004 1601
1004 2310
1004 2806
1004 3279
1005 1170
1005 1409
1005 1466
1005 3539
1005 4679
1005 4950
1006 1433
1006 3409
1006 3960
1006 4927
1007 1251
1007 1367
1007 2875
1007 2931
1007 3699
1008 2317
1008 4901
1009 1047
1009 2295
1009 3243
1009 3674
1009 4911
1010 1690
1010 2806
1010 4826
1011 1017
1011 3131
1011 3870
1011 4695
1012 2093
1012 2793
1012 3054
1012 3531
1012 4356
1012 4520
1013 1740
1013 2593
1013 2649
1013 3017
1013 3026
1013 3597
1013 3814
1013 4757
1014 2023
1014 3638
1014 3909
1014 4463
1015 1324
1015 1518
1015 1664
1015 4472
1016 2576
1016 2852
1016 3487
1017 1807
1017 3133
1018 2646
1019 3426
1019 3559
1019 3744
1019 3846
1020 2853
1020 4954
1021 1324
1021 2382
1021 4604
1021 4960
1022 1969
1022 3156
1022 4453
1022 4750
1023 1498
1023 2205
1023 2611
1023 2782
1023 4205
1024 1028
1024 2709
1024 3032
1024 3082
1024 4055
1024 4700
1025 1055
1025 2125
1025 3587
1025 3649
1025 4887
1026 1430
1026 3187
1026 3554
1026 3850
1026 4810
1027 1165
1027 2760
1027 4078
1028 1421
1028 3141
1028 3310
1029 1634
1029 1830
1029 2740
1029 4412
1029 4670
1030 1547
1030 1771
1030 2083
1030 2656
1030 3875
1030 4112
1031 1092
1031 4392
1031 4602
1032 1047
1032 2288
1032 4123
1033 3621
1033 4216
1034 1765
1034 3529
1034 4956
1035 1062
1035 2433
1036 3309
1036 3792
1036 4711
1036 4910
1037 1964
1037 3384
1037 4254
1037 4720
1038 2361
1038 3316
1038 3422
1038 4529
1038 4723
1039 2375
1039 3257
1039 3683
1040 1144
1040 1669
1040 2366
1040 2778
1040 3115
1041 1318
1041 1551
1041 1864
1041 3894
1041 4270
1042 4824
1043 2461
1044 1529
1044 1670
1044 1855
1044 1981
1044 2644
1044 4647
1044 4662
1045 1484
1045 2615
1045 3702
1045 4194
1045 4848
1046 1888
1046 2214
1046 3801
1047 1479
1047 2086
1048 3220
1048 4122
1048 4873
1049 2668
1049 2930
1049 3216
1049 4188
1049 4590
1050 1052
1050 1914
1050 4540
1050 4928
1051 1146
1051 1750
1051 2314
1051 2496
1051 4575
1052 1947
1052 3018
1052 3790
1052 3918
1052 4540
1053 1298
1053 1538
1053 2396
1053 4016
1054 3220
1054 4427
1055 1586
1055 2091
1055 2991
1055 3060
1055 3733
1055 3826
1056 2694
1056 3841
1056 3990
1056 4340
1057 2528
1057 2862
1057 3339
1058 1570
1058 2648
1058 4566
1059 1856
1060 1276
1060 1278
1060 1405
1060 1583
1061 1345
1061 2554
1061 2844
1061 3183
1061 3849
1062 1282
1062 1618
1062 2084
1063 1513
1063 1530
1063 2900
1064 1205
1064 1285
1065 2796
1065 4099
1065 4170
1065 4615
1065 4710
1065 4955
1066 1715
1066 2728
1066 3832
1067 1283
1067 1922
1067 3917
1067 3957
1067 4458
1067 4505
1068 2875
1068 3803
1068 4479
1068 4581
1069 1604
1069 2661
1069 3481
1070 3521
1071 2452
1071 2566
1071 3867
1071 4427
1072 1682
1072 3528
1072 3806
1073 1613
1073 3017
1073 3856
1074 2537
1074 2654
1074 3222
1075 2695
1075 3363
1075 4855
1075 4878
1076 1767
1076 4283
1077 1922
1077 2490
1077 2598
1077 3124
1077 4622
1078 2206
1078 2642
1078 4528
1079 1784
1079 2298
1079 3098
1079 3377
1079 4459
1080 1522
1080 2789
1080 3224
1080 4404
1081 3083
1081 3169
1081 3395
1081 4525
1081 4935
1082 2319
1082 3279
1083 1561
1083 2581
1083 3036
1083 4683
1084 1418
1084 2350
1084 3772
1085 4770
1086 1119
1086 2159
1086 2978
1086 4056
1087 1708
1088 1249
1088 2538
1088 3589
1090 3867
1090 4356
1091 1717
1092 2528
1092 3424
1092 4837
1093 1792
1093 2442
1093 3268
1093 3634
1093 3829
1093 4450
1093 4607
1093 4859
1094 1498
1094 1945
1094 2325
1094 4256
1094 4552
1095 1464
1095 2968
1095 3517
1095 3518
1095 4257
1095 4882
1096 1523
1097 1463
1097 2769
1097 3325
1097 3728
1098 2214
1098 4506
1099 3055
1100 2409
1100 2518
1101 3375
1101 3417
1101 3709
1101 3811
1101 4173
1102 1832
1102 4372
1102 4923
1103 1891
1104 2371
1105 1264
1105 2038
1105 2495
1105 4767
1105 5000
1106 1868
1106 2208
1106 4007
1106 4664
1106 4708
1107 1806
1107 2670
1107 2766
1107 3359
1107 3417
1108 1491
1108 1745
1108 1802
1108 2293
1108 2662
1108 3498
1108 3566
1108 4302
1109 1233
1109 2245
1109 2981
1109 3117
1109 4795
1111 1499
1111 3037
1111 4432
1112 1742
1112 2028
1112 2772
1112 2859
1112 3481
1112 4295
1112 4619
1113 2244
1113 3503
1113 4626
1114 2059
1114 3636
1114 3841
1114 4360
1115 1195
1115 4442
1115 4681
1116 1659
1116 3630
1117 1337
1117 1649
1117 3775
1118 1166
1118 3111
1118 3117
1118 3324
1118 3549
1118 4989
1119 1692
1119 1851
1119 1980
1119 2332
1119 2834
1119 2929
1119 4086
1119 4538
1119 4598
1119 4672
1120 1491
1120 1773
1120 2978
1120 3157
1120 3677
1120 4674
1121 1717
1121 1912
1121 2946
1122 2193
1122 2919
1122 4513
1123 3838
1124 1839
1124 3197
1124 4751
1124 4784
1125 3174
1125 4785
1126 1310
1126 4144
1127 3258
1127 3395
1127 4066
1127 4316
1128 1823
1128 3017
1128 3142
1129 1865
1129 2545
1130 2237
1130 2856
1130 3044
1130 3281
1130 4632
1131 1675
1131 2961
1131 4113
1132 1649
1132 2463
1132 3385
1133 1729
1133 4834
1134 2321
1134 4038
1135 1324
1136 1927
1136 2015
1136 4994
1137 1281
1137 4718
1138 1230
1138 1272
1138 2229
1138 2236
1138 2441
1138 3229
1138 4778
1139 1462
1139 3277
1139 4425
1140 4980
1141 1514
1141 1804
1141 4466
1141 4554
1142 3323
1143 2021
1143 2360
1143 3428
1143 4615
1144 1551
1144 1835
1144 1909
1144 2932
1144 3322
1144 4279
1145 1338
1145 1380
1145 1777
1145 2807
1145 4424
1145 4540
1145 4721
1146 3431
1146 4204
1147 2071
1147 3957
1148 1475
1148 1805
1148 2342
1148 2973
1148 3750
1148 4911
1149 2771
1149 3344
1149 4247
1149 4621
1150 3092
1150 3659
1150 4039
1150 4626
1150 4920
1151 2112
1151 2248
1151 2748
1151 3640
1151 4498
1151 4997
1152 1406
1153 1705
1153 4684
1153 4780
1154 1600
1154 2839
1154 4453
1155 2256
1155 2407
1155 2637
1155 3276
1155 3846
1155 4280
1155 4719
1155 4897
1156 1763
1156 2440
1156 2455
1157 2199
1157 2637
1157 2646
1157 2868
1158 1681
1158 2980
1158 3656
1158 3821
1158 4490
1159 3454
1159 4633
1160 2629
1161 2133
1161 2663
1161 3396
1162 1429
1162 2750
1162 2863
1162 4003
1163 1394
1163 1638
1163 2714
1163 4220
1163 4582
1163 4846
1164 1236
1164 2440
1164 4910
1165 1805
1165 1827
1165 2282
1165 3361
1165 3436
1165 3679
1165 4841
1166 2433
1166 2645
1166 4063
1166 4242
1166 4253
1167 2907
1167 3336
1167 4130
1168 2260
1168 3106
1168 3155
1168 3589
1169 3241
1169 3276
1169 3344
1170 1207
1170 2394
1170 2444
1171 1527
1171 1752
1171 3887
1171 4349
1172 1275
1172 2080
1172 3678
1173 2441
1173 3973
1173 4259
1173 4367
1174 2654
1174 3026
1174 3687
1174 4374
1175 3322
1175 4368
1176 1210
1176 1881
1176 2216
1176 2705
1176 2939
1176 4979
1177 2764
1177 4853
1178 2477
1178 4048
1178 4138
1179 2609
1180 1404
1180 2930
1180 3365
1180 4636
1182 1607
1182 1788
1182 2083
1182 2714
1182 3888
1182 4164
1183 2894
1183 2983
1184 1325
1184 1603
1184 2055
1185 1518
1185 1596
1185 3273
1185 4069
1186 1453
1187 1557
1187 1763
1187 3086
1188 1448
1188 2835
1188 4808
1189 2282
1189 2937
1189 3915
1189 4754
1190 1193
1190 2390
1190 2555
1190 4991
1191 1266
1191 1359
1191 3543
1191 3549
1192 1263
1192 1317
1192 1515
1192 2730
1193 1356
1193 3672
1193 4204
1193 4320
1194 2061
1194 4174
1194 4457
1194 4563
1195 3480
1195 3708
1195 4048
1196 1731
1197 4173
1197 4641
1197 4700
1198 2029
1198 2050
1198 3754
1198 4544
1199 1606
1199 2148
1199 4770
1200 2589
1200 3920
1200 4042
1200 4370
1201 1589
1201 2331
1201 4088
1201 4713
1202 4234
1204 3063
1205 1793
1205 4779
1206 1255
1206 2982
1206 3512
1206 4573
1207 3853
1208 1509
1208 1899
1208 4384
1209 2790
1209 3130
1209 3137
1210 2188
1210 2693
1210 3244
1210 3811
1210 4304
1211 1537
1211 1918
1212 3953
1212 4206
1213 3285
1214 2433
1214 4305
1214 4490
1215 4732
1216 1999
1216 3365
1216 4654
1216 4689
1217 1694
1217 2505
1218 1543
1218 1872
1218 1933
1218 3765
1219 2321
1219 2979
1220 2135
1220 4414
1221 1329
1221 1824
1221 2565
1221 3309
1222 2251
1222 3777
1222 4368
1223 1581
1223 4598
1224 1401
1224 1732
1224 1763
1224 3421
1224 4488
1224 4564
1225 1895
1225 2018
1225 2670
1225 4651
1225 4757
1226 2092
1226 4417
1226 4677
1227 2532
1227 2803
1228 1488
1228 1988
1228 2060
1229 1340
1230 2678
1230 2808
1230 4205
1231 3198
1231 3816
1232 2866
1232 4045
1232 4236
1232 4878
1233 2964
1233 3989
1233 4055
1234 2137
1234 2300
1234 2446
1234 3111
1234 3790
1234 4123
1234 4667
1235 2202
1235 2796
1236 2114
1236 2695
1237 2910
1237 3473
1238 1945
1238 2284
1238 4803
1239 1883
1239 3249
1239 4407
1239 4692
1240 1527
1240 2078
1240 2908
1240 4699
1240 4963
1241 4489
1241 4817
1242 1876
1242 3180
1242 4226
1243 2391
1243 3122
1243 3489
1243 4360
1244 1317
1244 4754
1245 1385
1245 2149
1245 2168
1245 3054
1245 4726
1246 2499
1246 4195
1246 4605
1247 1499
1247 1764
1247 3070
1247 4259
1247 4605
1248 1570
1248 1619
1248 2048
1249 4740
1250 2226
1250 2905
1250 3689
1251 2196
1251 2427
1251 3187
1251 4783
1252 3544
1253 1905
1253 3092
1253 3827
1254 1344
1255 1442
1255 3249
1255 3325
1255 4479
1255 4492
1256 3317
1257 1573
1257 2416
1257 3395
1257 3403
1257 3540
1257 4607
1257 4693
1258 4969
1259 2057
1259 4361
1259 4903
1260 1711
1260 3093
1261 2335
1261 3493
1261 3629
1262 2924
1263 2160
1263 2248
1263 3521
1264 2440
1264 2733
1265 2586
1265 2713
1265 4794
1266 1747
1266 3181
1266 3503
1266 4639
1266 4827
1267 4996
1268 2432
1268 2720
1269 3057
1270 4355
1271 1600
1272 1347
1272 1832
1272 3180
1273 1507
1273 2753
1274 2193
1274 2745
1274 3185
1274 3807
1274 4450
1275 1943
1275 2687
1275 3250
1275 3487
1276 3016
1276 3082
1276 4522
1276 4737
1277 3131
1277 3405
1277 4553
1277 4855
1278 2043
1278 2076
1278 4838
1279 4383
1279 4868
1280 3926
1280 4463
1281 1328
1281 2259
1281 4694
1282 1915
1282 3886
1282 4531
1283 1605
1283 2244
1283 2694
1283 3325
1285 1825
1285 1926
1285 4445
1286 1637
1286 1755
1286 1788
1286 4757
1287 1436
1287 1528
1287 1548
1287 2279
1287 4088
1287 4315
1287 4470
1288 3145
1288 3593
1289 1922
1289 1999
1289 2653
1289 3864
1289 4807
1290 3930
1290 4680
1291 1711
1292 1636
1292 2776
1292 3883
1293 1350
1293 3923
1293 4363
1293 4620
1294 2265
1294 2551
1294 2779
1295 1499
1295 4301
1296 2045
1297 1351
1297 2928
1297 3721
1297 4053
1298 2550
1298 3390
1299 2344
1299 2625
1300 2868
1300 4340
1300 4596
1301 1977
1301 3128
1301 3662
1302 2362
1303 2956
1303 3342
1304 1331
1304 3020
1304 4009
1305 1641
1305 2026
1305 3874
1306 2025
1306 3179
1306 3299
1306 4973
1307 1729
1307 1893
1307 2515
1307 2958
1307 3254
1307 4821
1308 1735
1308 1885
1308 3181
1308 3807
1309 2484
1309 4004
1309 4604
1310 4224
1310 4763
1311 2742
1311 3907
1311 4767
1312 2552
1312 3539
1312 3694
1312 4130
1312 4272
1313 2102
1313 4129
1313 4953
1314 2566
1314 2932
1314 3494
1315 3178
1315 4381
1315 4971
1316 2417
1317 3148
1317 4246
1318 1386
1318 1435
1318 3809
1318 4527
1319 1529
1319 2156
1319 3055
1319 3945
1319 4115
1319 4228
1319 4673
1320 3090
1320 3716
1321 2387
1321 3723
1323 2726
1324 1896
1324 3101
1324 3577
1325 3902
1326 4006
1327 1681
1327 2532
1327 3407
1327 3452
1327 4106
1328 2101
1328 3003
1328 4976
1329 1996
1329 2763
1329 4622
1330 2414
1330 3054
1330 3699
1330 4272
1331 3728
1332 1936
1332 2563
1333 3210
1333 3948
1333 3994
1333 4023
1334 1900
1334 3448
1334 4530
1334 4536
1335 1388
1335 1937
1335 4540
1336 1994
1336 3794
1336 4860
1337 1696
1337 4746
1337 4750
1338 2987
1338 4736
1338 4973
1339 1793
1339 3261
1339 4738
1340 1447
1340 1511
1340 2780
1340 2997
1340 3333
1340 4461
1341 1649
1341 2316
1341 2491
1341 3689
1341 3823
1342 1818
1342 3876
1342 4961
1343 2737
1343 4008
1344 4322
1344 4937
1345 2720
1347 2929
1347 3497
1348 2359
1348 2926
1348 3358
1348 3742
1349 4503
1350 2023
1350 2242
1350 2324
1350 3633
1351 1542
1351 4613
1352 1889
1352 2346
1352 3737
1352 4095
1352 4437
1352 4807
1354 3298
1355 3235
1356 2061
1356 2331
1356 2895
1356 3196
1357 2663
1357 4700
1358 2107
1358 2394
1358 2508
1358 2573
1358 3494
1358 4025
1359 1784
1359 3861
1360 1746
1360 1754
1360 2177
1360 4995
1361 4201
1362 2388
1362 2503
1362 4131
1362 4318
1362 4998
1363 1473
1363 1899
1363 3080
1363 4439
1363 4904
1364 1855
1364 4259
1364 4875
1365 2773
1365 3314
1365 3913
1367 1636
1367 3438
1367 4394
1367 4497
1367 4572
1368 1564
1368 1639
1368 4111
1368 4430
1369 2081
1370 3456
1370 4722
1370 4858
1371 2916
1371 3559
1371 4616
1372 2045
1372 2135
1372 2284
1372 2740
1372 3657
1372 4639
1372 4670
1373 3489
1373 4509
1374 4667
1375 2241
1375 3121
1375 3539
1375 3582
1376 1754
1376 1804
1376 2314
1376 2736
1376 2861
1376 3176
1376 3662
1376 3714
1377 3299
1377 4591
1378 2142
1378 2310
1378 2746
1378 3542
1378 4077
1378 4115
1378 4186
1378 4197
1379 3226
1379 3743
1379 4749
1380 3884
1380 4237
1380 4686
1381 2762
1381 4095
1381 4179
1382 2330
1382 3318
1382 4638
1382 4965
1383 2206
1383 3090
1384 2455
1385 1584
1385 2010
1385 2451
1385 2630
1385 4307
1385 4345
1386 2401
1386 2649
1387 1706
1387 2126
1388 2928
1388 3171
1388 3307
1389 2154
1389 3204
1389 4511
1389 4780
1389 4866
1390 2106
1390 3117
1391 2417
1391 3085
1392 3342
1392 3805
1392 4457
1392 4708
1393 2225
1393 3046
1393 3617
1394 1647
1395 2688
1395 3367
1395 4006
1396 3579
1396 4040
1396 4259
1397 2361
1397 3524
1398 1638
1398 1936
1398 1977
1398 2293
1398 4627
1399 1468
1399 4391
1400 1503
1400 1775
1400 2066
1400 2683
1400 2874
1401 1504
1401 1751
1401 4510
1401 4592
1401 4856
1402 2454
1402 3332
1402 3877
1402 4575
1403 4394
1403 4685
1404 2354
1404 3348
1404 4494
1405 1475
1405 1483
1405 3331
1406 3624
1406 4141
1406 4594
1407 1812
1407 1976
1407 2051
1407 2384
1408 2154
1408 2599
1408 2800
1408 3656
1409 1562
1409 3229
1410 1856
1410 3049
1410 4439
1410 4453
1411 1949
1411 2228
1411 3399
1411 3639
1411 4410
1411 4956
1412 3136
1413 2775
1414 1738
1414 2087
1414 2543
1414 3004
1414 4168
1415 1880
1415 1961
1415 2259
1415 4457
1415 4856
1416 1748
1416 2637
1416 4274
1418 2456
1418 3863
1418 3938
1418 4594
1419 1909
1419 2798
1420 3946
1420 3959
1420 4788
1421 3057
1422 1927
1422 4324
1422 4331
1423 3367
1423 4589
1424 1946
1424 3399
1424 4255
1424 4587
1424 4913
1425 3465
1425 4074
1426 2113
1426 4276
1426 4374
1427 3870
1428 3705
1428 4782
1429 3306
1429 3693
1429 3703
1430 3513
1430 3714
1430 4165
1431 2683
1431 3092
1432 4594
1434 4503
1434 4836
1435 2580
1435 3284
1435 4287
1435 4871
1436 1747
1436 3605
1436 3705
1436 4992
1437 3520
1438 2909
1439 2047
1439 2420
1439 3617
1439 3999
1440 3012
1440 3153
1440 3690
1440 4076
1441 2374
1441 3019
1441 4079
1441 4192
1443 1523
1443 3421
1443 3429
1443 4226
1443 4950
1444 2889
1444 3585
1444 3745
1444 3849
1444 4674
1445 2063
1445 2605
1445 4007
1445 4604
1446 2730
1446 2836
1446 4499
1446 4904
1447 1740
1447 2073
1447 3638
1447 3804
1448 3755
1448 3975
1448 4043
1448 4076
1449 1651
1449 2606
1449 3579
1449 3660
1449 4173
1449 4657
1450 4223
1450 4238
1450 4652
1451 1978
1451 2006
1451 2651
1451 3045
1451 3171
1451 3504
1451 4374
1452 2380
1452 4285
1453 1916
1453 2870
1453 3180
1454 3127
1454 3729
1454 3846
1455 3803
1455 4267
1456 2136
1456 3645
1456 4715
1456 4941
1457 1628
1457 2624
1457 3909
1457 4314
1457 4506
1458 4030
1459 3321
1459 4384
1459 4415
1460 2823
1460 3379
1460 3477
1460 4121
1460 4453
1460 4615
1460 4946
1461 2331
1462 2799
1462 3464
1462 4685
1463 2015
1463 2873
1463 3628
1463 4871
1464 1977
1464 2299
1464 4570
1465 3564
1465 3836
1465 4199
1466 3119
1466 3192
1466 4313
1467 4607
1468 3328
1469 3157
1469 3518
1469 3859
1470 2060
1470 2243
1470 3366
1470 3725
1470 4077
1471 2190
1471 3162
1471 4463
1472 1943
1472 4495
1472 4999
1473 2965
1473 4988
1474 2536
1474 3897
1474 4126
1474 4139
1474 4870
1475 1827
1475 4301
1475 4801
1476 4031
1477 2864
1477 3993
1477 4997
1478 2565
1478 2992
1478 3715
1478 4666
1479 2462
1479 4491
1480 4976
1481 3029
1483 1808
1483 2061
1483 3606
1483 4199
1483 4552
1483 4848
1484 1793
1484 1988
1484 2750
1484 4996
1485 2131
1485 3092
1485 3262
1485 3822
1485 4498
1486 2350
1486 2712
1486 2912
1487 1582
1487 2477
1487 3064
1487 3634
1487 4182
1488 3812
1488 3944
1489 1884
1489 2272
1489 2347
1490 3186
1490 3232
1490 4472
1490 4502
1491 3074
1491 4168
1491 4564
1492 3106
1492 4472
1493 2536
1493 3882
1494 1907
1494 2008
1494 3059
1494 3408
1494 4445
1495 2690
1495 3279
1496 2677
1496 4245
1496 4260
1497 2125
1497 2365
1497 3313
1498 1630
1498 2407
1498 2943
1498 4989
1500 1735
1500 2015
1500 3941
1500 4201
1501 1819
1501 2330
1502 1588
1502 1613
1502 2986
1503 2161
1503 2763
1503 3381
1503 4459
1503 4588
1503 4632
1504 2086
1504 4180
1505 2377
1505 3101
1505 4554
1506 2989
1506 4163
1506 4731
1507 1618
1507 2024
1507 2075
1507 2453
1507 2508
1507 3282
1507 4629
1510 4651
1511 2866
1511 3513
1511 3699
1511 3741
1511 4371
1511 4753
1512 2016
1512 2362
1512 2735
1512 4954
1513 1589
1513 2090
1513 2836
1513 3794
1513 4233
1514 1758
1514 2273
1514 2783
1514 3450
1514 3705
1514 4464
1514 4577
1514 4646
1515 2063
1515 2765
1515 3937
1515 3956
1516 2566
1516 3173
1517 1864
1517 3563
1517 3665
1517 4082
1517 4279
1517 4499
1518 3318
1518 3915
1519 1826
1519 4129
1520 2804
1520 3259
1520 3304
1520 4190
1520 4888
1521 1796
1521 1806
1521 2187
1521 4992
1522 4251
1522 4936
1523 1769
1523 2639
1523 4260
1523 4749
1524 4388
1524 4671
1525 1751
1525 2771
1525 3427
1526 1753
1526 2189
1527 2491
1527 2787
1527 3878
1528 2946
1529 3195
1530 1830
1530 4103
1530 4164
1532 3841
1532 4046
1533 1794
1533 2846
1533 3361
1533 3544
1533 4468
1534 3128
1534 4064
1534 4215
1534 4880
1535 4399
1535 4473
1535 4496
1536 2448
1536 3431
1536 3855
1537 1637
1537 3791
1537 4602
1538 1937
1538 3492
1538 3823
1538 4537
1539 2357
1540 3841
1541 1989
1541 2268
1541 4019
1541 4847
1542 1954
1542 2147
1542 2355
1542 3530
1542 4413
1543 2939
1543 4418
1544 1866
1544 2299
1544 3607
1545 2587
1545 4255
1545 4701
1547 2611
1547 2982
1547 3674
1547 4047
1547 4811
1548 2946
1548 3377
1549 3320
1549 4002
1549 4410
1549 4438
1550 3499
1550 3742
1551 2062
1551 2567
1551 2604
1551 4815
1552 3374
1552 3521
1553 2636
1553 4490
1554 2716
1554 2732
1554 4633
1555 1567
1555 2250
1555 3303
1555 3918
1555 4702
1556 3234
1556 3460
1556 3475
1557 4664
1558 2891
1558 2981
1559 3065
1559 4708
1559 4751
1560 2642
1560 3032
1560 4194
1561 3353
1561 4485
1562 3246
1563 4837
1564 2040
1564 2187
1564 2797
1564 3221
1564 4961
1565 2356
1566 2735
1566 3257
1566 4895
1567 4814
1569 2119
1569 2690
1569 3173
1569 3546
1570 2191
1571 2293
1571 3561
1572 1884
1572 3537
1572 3645
1572 4563
1573 4514
1573 4857
1574 3662
1575 3598
1575 3905
1576 1855
1576 3996
1576 4085
1576 4718
1576 4823
1577 2271
1577 2316
1577 3114
1577 3769
1577 3877
1577 4506
1578 3656
1579 1885
1579 3056
1579 3711
1580 1626
1580 1634
1580 2560
1580 4511
1581 3346
1581 3926
1581 4109
1581 4699
1582 1737
1582 1872
1582 2065
1582 3514
1582 3934
1583 3832
1583 4392
1585 2026
1585 3674
1585 3682
1585 4572
1586 2899
1586 4258
1587 2371
1587 3212
1587 3534
1587 4062
1588 2461
1589 1716
1589 1864
1589 2167
1589 3116
1589 3674
1589 4727
1589 4744
1590 1715
1590 1889
1590 1955
1590 2716
1590 2966
1590 3400
1590 3982
1590 4036
1590 4344
1591 2661
1591 4089
1591 4623
1591 4732
1592 2606
1592 2679
1592 3563
1592 3869
1592 4046
1593 2508
1593 2615
1593 3513
1594 2178
1594 2189
1594 2930
1594 4848
1595 1657
1595 2181
1595 3757
1595 4658
1596 1679
1596 3203
1596 3676
1596 3751
1596 3948
1597 3821
1598 2211
1598 2434
1598 3320
1598 3864
1599 2930
1599 3458
1599 3852
1600 2133
1600 3466
1601 2180
1601 3865
1601 4567
1602 2172
1602 2571
1602 3512
1602 4275
1603 1941
1603 3452
1604 1651
1604 2452
1604 3013
1605 2531
1605 4968
1606 1965
1606 2207
1606 4985
1607 2293
1607 3019
1607 4210
1608 3768
1609 1890
1609 2135
1609 2341
1610 2672
1610 3187
1611 4039
1611 4292
1611 4384
1612 2684
1613 2123
1613 2152
1613 2765
1613 4032
1613 4409
1614 1660
1614 4753
1615 2260
1615 3302
1615 3688
1616 2178
1616 3187
1617 1737
1617 2505
1618 1735
1618 1935
1618 2449
1618 3222
1618 4428
1619 2356
1619 3499
1620 2197
1620 2619
1621 2082
1621 2677
1621 4964
1622 1840
1622 3132
1622 3420
1622 3671
1623 1787
1623 2011
1623 2272
1623 2279
1623 2999
1623 3391
1623 3744
1623 3876
1624 4424
1625 3500
1625 3990
1625 4809
1626 2717
1626 3287
1626 3559
1627 3045
1628 2810
1628 4094
1629 2383
1630 2090
1630 3227
1630 3288
1630 4933
1631 4746
1632 2202
1632 2232
1632 2667
1632 3905
1632 4545
1632 4875
1633 1680
1633 3123
1634 2039
1635 2128
1635 2467
1635 4070
1635 4947
1636 4284
1637 2514
1637 3452
1637 4899
1638 1789
1638 2431
1638 2672
1639 2012
1639 3935
1640 2162
1640 2220
1640 2731
1641 2222
1641 3775
1641 4780
1642 3543
1642 4038
1642 4810
1643 2613
1645 3052
1645 3292
1645 4102
1646 2032
1646 2068
1646 2170
1646 4009
1646 4196
1646 4389
1647 1767
1648 1805
1648 2061
1648 2201
1648 4514
1648 4593
1649 3588
1649 4840
1650 1998
1650 2174
1650 2904
1651 2489
1651 3198
1651 4910
1652 4540
1652 4792
1653 2781
1653 3778
1653 4000
1654 2179
1654 2484
1654 2680
1654 3579
1655 1957
1655 2681
1655 3984
1655 4894
1656 2053
1656 2373
1656 2689
1656 4453
1657 2888
1657 3212
1657 4643
1658 4102
1659 2982
1659 3295
1659 4570
1660 3343
1660 4418
1660 4974
1661 4116
1661 4603
1662 1713
1662 2412
1662 4498
1662 4640
1663 2370
1664 2542
1664 3047
1664 4146
1665 1882
1665 1983
1665 2500
1665 3557
1665 4629
1666 2423
1666 3752
1669 1800
1669 1878
1669 3880
1669 4491
1670 2138
1670 2612
1670 2626
1670 2833
1670 4577
1670 4880
1671 2181
1671 2471
1671 4152
1672 3293
1672 3611
1673 1697
1673 2093
1673 2119
1673 4889
1674 4614
1675 1992
1675 2965
1675 4944
1676 3839
1677 2431
1677 2493
1677 2618
1677 3128
1677 3589
1677 4181
1677 4252
1677 4590
1678 2330
1678 3589
1679 3410
1679 4286
1680 2958
1680 3965
1680 4607
1681 2351
1681 3727
1681 3804
1682 2832
1682 4007
1682 4243
1682 4250
1682 4388
1683 2070
1684 1792
1684 1795
1684 3043
1684 3679
1684 4004
1684 4343
1684 4942
1685 2972
1685 3496
1685 3939
1685 4182
1685 4822
1686 1848
1686 2667
1686 4778
1687 2367
1688 1971
1688 2477
1689 1978
1689 2969
1689 3653
1689 3908
1689 4072
1690 2316
1690 2937
1690 4166
1691 4953
1692 4994
1693 3476
1693 4150
1693 4338
1693 4483
1694 3446
1694 4458
1694 4952
1695 4734
1696 3290
1697 1785
1697 2390
1697 2969
1697 2998
1697 3032
1697 3060
1697 3258
1697 4085
1697 4235
1697 4479
1699 1760
1699 2665
1699 3364
1699 3709
1699 4473
1699 4951
1700 2399
1700 2716
1700 4869
1701 1725
1701 1738
1701 3405
1701 3455
1701 4117
1701 4623
1702 2227
1702 3977
1702 4136
1703 2583
1703 2628
1703 3462
1703 3539
1703 3566
1703 4517
1704 4003
1704 4825
1705 3675
1706 1821
1706 2921
1706 3067
1706 3421
1706 3802
1706 3924
1707 3670
1708 2341
1709 2655
1709 4405
1710 3081
1710 3614
1710 3783
1710 4008
1711 1902
1711 2216
1711 3290
1711 4407
1711 4612
1712 1755
1712 3335
1712 3513
1712 3863
1712 4381
1713 2474
1713 3085
1713 4168
1714 3320
1714 3934
1714 3971
1716 2190
1716 2535
1717 2455
1717 3447
1718 2492
1718 2517
1718 4552
1719 1734
1719 3612
1719 3649
1719 4122
1719 4731
1719 4893
1720 2041
1720 3641
1720 3856
1720 4311
1721 2363
1721 4946
1722 2684
1722 3497
1722 3668
1722 3962
1722 4759
1723 2927
1723 4739
1724 4742
1725 1955
1725 3522
1725 4286
1726 1869
1727 2001
1727 2947
1728 4141
1729 2787
1729 3406
1730 2160
1730 2295
1730 2639
1730 3493
1730 4122
1730 4989
1731 1929
1732 1753
1732 2650
1732 3773
1733 1746
1733 1747
1733 2263
1733 3478
1733 3847
1733 4536
1733 5000
1734 1978
1734 3347
1734 3455
1734 4100
1734 4537
1735 2006
1735 2209
1735 2276
1735 2383
1735 2989
1735 3486
1736 3378
1736 4248
1736 4341
1737 2232
1737 2270
1738 2374
1738 3164
1738 3623
1738 4530
1739 3447
1739 3593
1739 3690
1739 3816
1740 2455
1740 3259
1741 1767
1741 2214
1741 2330
1741 4603
1742 1796
1742 2174
1742 3241
1742 4568
1743 3397
1743 3401
1743 3956
1743 4216
1743 4926
1744 2787
1744 4442
1745 3183
1745 3278
1745 3520
1745 4623
1746 2891
1746 3672
1746 4001
1747 4443
1748 3637
1748 4303
1749 2452
1749 3344
1750 1764
1751 1816
1751 1963
1751 2588
1751 3695
1751 4320
1752 2139
1752 3826
1752 4442
1752 4812
1754 2553
1754 3348
1755 2114
1755 3205
1755 3500
1756 2113
1756 2933
1756 3495
1756 4065
1756 4436
1757 2597
1757 3598
1757 4099
1757 4178
1757 4940
1757 4989
1759 2648
1760 2950
1760 3005
1761 1814
1761 3660
1761 4234
1761 4470
1761 4642
1762 2204
1762 2870
1762 3681
1763 2952
1763 4802
1764 2162
1764 4821
1764 4981
1765 2147
1765 2246
1765 2477
1765 3238
1765 3738
1765 4618
1766 1979
1766 2756
1766 3196
1766 3699
1766 3820
1766 4538
1766 4995
1767 1783
1767 4095
1767 4453
1768 2199
1768 2275
1768 4516
1769 2565
1769 3578
1769 3951
1770 2221
1771 1846
1771 3828
1771 4151
1772 3395
1772 4130
1772 4624
1773 2628
1773 2740
1774 1942
1774 3410
1775 2949
1775 3362
1775 3815
1776 3873
1776 3936
1777 4965
1778 3807
1779 2559
1779 3386
1780 2065
1780 2074
1780 3216
1780 3608
1780 4200
1780 4358
1782 3212
1783 2152
1783 3430
1783 3566
1783 4092
1783 4316
1784 2081
1784 4318
1784 4909
1785 2126
1785 3577
1785 4296
1785 4443
1786 1918
1786 2303
1786 3148
1786 3933
1786 3951
1786 4265
1786 4450
1787 2891
1787 3100
1788 2864
1788 4371
1788 4802
1789 2181
1789 2706
1789 3571
1790 2341
1790 2475
1790 4099
1791 1886
1791 2195
1791 2256
1791 2312
1791 2682
1791 4094
1791 4158
1792 1818
1792 2925
1792 4281
1793 3970
1794 1864
1794 2566
1794 2758
1794 2759
1794 3501
1795 1868
1795 2043
1795 4348
1795 4829
1795 4920
1796 2717
1797 2472
1798 2390
1798 2503
1798 2574
1798 3186
1799 2029
1800 2286
1800 3442
1800 4416
1801 2189
1801 2368
1801 2636
1801 3367
1801 4157
1801 4535
1802 2442
1802 3434
1802 4064
1803 2063
1803 2532
1803 3302
1804 2176
1804 2956
1804 4335
1804 4617
1804 4923
1805 2329
1805 4125
1805 4403
1806 2030
1806 3062
1807 2125
1807 3040
1807 4326
1807 4587
1808 2866
1809 2795
1809 4370
1810 2112
1811 2203
1811 4037
1811 4127
1812 2781
1812 3174
1812 4987
1813 1841
1813 3881
1813 4362
1814 4842
1815 2747
1815 4254
1816 2849
1816 4568
1816 4988
1817 2791
1818 2145
1818 2677
1818 3051
1818 3266
1818 4302
1819 3015
1819 3839
1819 3841
1819 4369
1820 2346
1820 3788
1820 4300
1820 4930
1821 3378
1821 3511
1822 2799
1822 3309
1822 3816
1823 3704
1823 4123
1824 1846
1824 2769
1824 3950
1824 4625
1825 2810
1826 2228
1826 4922
1827 3584
1828 1995
1828 2225
1828 2760
1828 3571
1828 3589
1828 4967
1829 2481
1829 3731
1830 3443
1830 4556
1831 2178
1831 2646
1831 3765
1831 4526
1831 4944
1832 2413
1832 3629
1832 3809
1832 4801
1833 3022
1834 1994
1834 2041
1834 2706
1834 3143
1836 4754
1836 4882
1837 2389
1837 3676
1838 1927
1839 2191
1839 2869
1839 4658
1840 2070
1840 2367
1840 2672
1840 3991
1841 1982
1841 3364
1842 2823
1842 3654
1842 3879
1842 3929
1843 1946
1843 2522
1843 3616
1844 3342
1844 3437
1844 3741
1845 3104
1845 3650
1845 4912
1846 4320
1846 4750
1846 4816
1847 3637
1848 2106
1848 2875
1848 3435
1848 3448
1848 3515
1848 3857
1848 3868
1848 3967
1848 4424
1849 3096
1849 4245
1850 2435
1850 3304
1851 3282
1851 4358
1852 2039
1852 2567
1852 2724
1852 2819
1852 3055
1852 4436
1853 4120
1853 4223
1853 4474
1854 2929
1855 2088
1855 3296
1855 4010
1856 2213
1856 2757
1856 2826
1857 2439
1857 3396
1858 2677
1858 2816
1858 4564
1859 4054
1859 4240
1860 4437
1860 4852
1861 2484
1861 3562
1861 4078
1862 2656
1862 3497
1862 3952
1863 1992
1863 4516
1865 2797
1865 4510
1866 1943
1866 4983
1867 1948
1867 3100
1867 3652
1868 2239
1868 2876
1868 3451
1868 4740
1869 2642
1869 2938
1869 3096
1869 4494
1869 4932
1870 4177
1871 2488
1871 3244
1872 1918
1872 4700
1872 4821
1873 2538
1873 3441
1873 4862
1874 2727
1874 4747
1875 2967
1875 3086
1875 3933
1875 4040
1875 4459
1875 4599
1876 3406
1876 3692
1876 4636
1876 4768
1877 2066
1877 2090
1877 4348
1879 2280
1880 2177
1880 3024
1880 3030
1880 4587
1881 2941
1881 4181
1882 4743
1883 2114
1883 2707
1884 2349
1884 3380
1884 3743
1884 4075
1884 4473
1885 2243
1885 2611
1885 3641
1886 3133
1886 3531
1886 4077
1886 4318
1886 4558
1887 2225
1887 2338
1887 3273
1887 3368
1887 4057
1887 4435
1888 3627
1889 2272
1889 2576
1889 3178
1890 1916
1891 3528
1892 4230
1892 4657
1893 2809
1893 3991
1893 4181
1893 4402
1894 3014
1895 1923
1895 2381
1895 3010
1895 4365
1896 2357
1896 3205
1896 4031
1896 4102
1896 4409
1898 2033
1898 2374
1898 4078
1899 2229
1899 4065
1900 2266
1900 4124
1901 2112
1901 2519
1901 2831
1901 3281
1901 3346
1902 3172
1902 4129
1902 4781
1903 2230
1903 4232
1904 2054
1904 4340
1905 2210
1905 3247
1906 3525
1906 3637
1906 4301
1907 2480
1907 2810
1907 3711
1908 2786
1908 2824
1909 2410
1909 2762
1909 3815
1909 4179
1909 4751
1910 1991
1910 2748
1911 3289
1911 3824
1912 1950
1912 4964
1913 3784
1914 1984
1914 2827
1914 4332
1915 3032
1915 4955
1916 2244
1916 2683
1916 3568
1916 4556
1916 4703
1917 2220
1917 3985
1918 2489
1918 2963
1918 3303
1918 4874
1919 2285
1919 3422
1919 3803
1920 2951
1920 3035
1920 3408
1920 4031
1920 4340
1921 2083
1921 4052
1921 4393
1924 3376
1924 3436
1924 4260
1925 2597
1925 2798
1925 4396
1926 2414
1926 3322
1926 4832
1927 2188
1927 2587
1927 3018
1927 3317
1928 3280
1928 3894
1929 2358
1929 3541
1929 4687
1930 2343
1930 2945
1931 2054
1931 2136
1931 3767
1931 4478
1932 2521
1932 3254
1932 4960
1933 2686
1934 2754
1934 2961
1934 3284
1934 4234
1934 4506
1935 2393
1935 2743
1935 3347
1935 3964
1936 2752
1936 4839
1937 2548
1938 2073
1938 3176
1938 3295
1938 4565
1938 4566
1939 4834
1940 3841
1941 2459
1941 4897
1942 3203
1942 3415
1942 4829
1943 2620
1943 4585
1943 4612
1943 4641
1944 2871
1944 2945
1944 3977
1945 2895
1946 2378
1946 3387
1946 3722
1946 4226
1946 4839
1947 2943
1947 4740
1948 2677
1948 3624
1948 4725
1949 2334
1949 3993
1949 4870
1950 2278
1950 2878
1950 4910
1951 3770
1952 2304
1952 3099
1952 3874
1952 4243
1952 4706
1953 2525
1953 3669
1953 3979
1954 3177
1954 3693
1954 3758
1955 2766
1955 3439
1955 4078
1955 4503
1955 4782
1956 2660
1957 3669
1957 4040
1958 2056
1958 4380
1958 4535
1959 4814
1960 2485
1960 2499
1960 2774
1960 3488
1961 2511
1961 3062
1961 3613
1962 2176
1962 4548
1963 2868
1964 4419
1965 2768
1965 3296
1965 3305
1966 3061
1966 3096
1966 4328
1966 4387
1967 2046
1968 3103
1968 4442
1969 2008
1969 2768
1969 3843
1969 4571
1971 2421
1971 3179
1971 3267
1971 4073
1972 2370
1972 2502
1972 2704
1972 3075
1972 3114
1973 2881
1975 2668
1975 4241
1976 3821
1976 4644
1977 3226
1979 3181
1979 4060
1979 4887
1979 4923
1980 2068
1980 3204
1980 3788
1980 4817
1981 4055
1982 3345
1983 2150
1983 2524
1983 2809
1984 3061
1984 3187
1984 3588
1985 2492
1985 4106
1985 4263
1987 2617
1987 2928
1987 3423
1987 4968
1988 3790
1988 4103
1988 4394
1988 4741
1988 4746
1988 4974
1989 2913
1989 4198
1989 4940
1990 2840
1990 3357
1990 3393
1990 3530
1990 4134
1991 4497
1992 4236
1992 4824
1993 2028
1993 2429
1994 2277
1994 3477
1994 3819
1996 2599
1996 3403
1997 2179
1998 3005
1998 3304
1998 3611
1998 4593
1999 2050
1999 2482
1999 3165
1999 3212
1999 3564
1999 3633
2000 2262
2000 2331
2000 2959
2000 3221
2000 3299
2001 2246
2001 3512
2001 4487
2001 4951
2002 2761
2002 3730
2002 4143
2002 4622
2004 4026
2005 3412
2005 3894
2005 4182
2006 3107
2007 3258
2008 3242
2008 4038
2008 4487
2009 2596
2009 3273
2010 3685
2011 2763
2012 2058
2012 2813
2013 3331
2013 4620
2014 2988
2014 4356
2015 2446
2015 3231
2015 4454
2015 4869
2016 2050
2016 4359
2016 4360
2016 4769
2017 2058
2017 2165
2017 3670
2018 4143
2019 3132
2020 3086
2020 3232
2020 3624
2021 3293
2022 3968
2022 4965
2023 2726
2023 3242
2024 3563
2024 3669
2024 4057
2024 4311
2024 4914
2025 3855
2025 4193
2026 2307
2026 3915
2026 4455
2027 3164
2027 3688
2028 4567
2029 2552
2029 3427
2029 3936
2030 2366
2030 3964
2031 2135
2031 2717
2031 3281
2031 4706
2032 3525
2032 4041
2032 4143
2033 4627
2034 4478
2035 2951
2035 3934
2035 4119
2035 4735
2035 4737
2036 2308
2036 4348
2036 4902
2037 2068
2038 4008
2039 3624
2039 3841
2040 2977
2040 3925
2040 4312
2040 4826
2041 2237
2041 2386
2041 3763
2042 2887
2042 3222
2042 3505
2042 3832
2042 4831
2043 2074
2043 2916
2043 3604
2043 4313
2044 2078
2044 3718
2044 4359
2044 4871
2046 2320
2046 2584
2046 2712
2046 2917
2046 3475
2047 2194
2047 2230
2047 3009
2047 3017
2047 4795
2048 4668
2049 3379
2049 4836
2050 2772
2050 3026
2050 3456
2051 4049
2051 4166
2051 4772
2052 3690
2053 2874
2053 3094
2053 3511
2053 4089
2053 4276
2054 2939
2055 3655
2056 2591
2056 3557
2056 4306
2056 4346
2057 3343
2058 3246
2058 3334
2059 2924
2059 4095
2059 4825
2060 2324
2060 3545
2060 3907
2060 4705
2061 4040
2062 2729
2062 3510
2063 2389
2063 2675
2063 3428
2066 3141
2067 3529
2067 3628
2067 4202
2068 2910
2069 2362
2070 2644
2070 3065
2070 3468
2071 2481
2071 3397
2072 2783
2073 2548
2073 4997
2074 2400
2074 3350
2074 3482
2074 3496
2074 4354
2075 4087
2075 4901
2076 3137
2076 4366
2077 4067
2077 4229
2078 2206
2078 2440
2079 3488
2079 4134
2081 2349
2081 3115
2081 3673
2082 2914
2082 3381
2082 3948
2083 3749
2084 2216
2084 2993
2084 3146
2085 4652
2086 3540
2087 2823
2088 3182
2088 4237
2088 4675
2089 2149
2089 3306
2090 3534
2090 4778
2090 4846
2091 3334
2092 2676
2092 2780
2092 3543
2094 2603
2094 3528
2096 2435
2096 4316
2096 4569
2098 2607
2098 2826
2098 4658
2098 4678
2099 2360
2100 2155
2100 2215
2100 3578
2101 3297
2102 2799
2102 4976
2103 2773
2103 3563
2104 3351
2104 3933
2104 4865
2105 2377
2105 2944
2105 4196
2106 4712
2107 4115
2107 4121
2108 3106
2108 4647
2109 2360
2110 2877
2110 3394
2110 4033
2112 3618
2112 4254
2113 2241
2113 2246
2113 3156
2114 2844
2114 2923
2114 3160
2114 4184
2114 4534
2114 4978
2115 3135
2116 2132
2116 3277
2116 4409
2116 4506
2116 4608
2117 2770
2117 4339
2117 4826
2118 2579
2118 3477
2118 3968
2119 2180
2119 3031
2120 2886
2120 3438
2121 3566
2121 4518
2122 2867
2122 3338
2123 4216
2124 2241
2124 2338
2125 2489
2125 2587
2125 2614
2125 3788
2125 4448
2125 4948
2126 4060
2127 2595
2128 2544
2128 4498
2129 2837
2129 3738
2130 3474
2130 3685
2130 4478
2131 4638
2131 4760
2131 4785
2131 4790
2131 4951
2132 2458
2132 4564
2132 4628
2135 4215
2135 4894
2136 2679
2136 2764
2136 3601
2137 2567
2138 4708
2139 4342
2139 4967
2141 2429
2142 3305
2142 3837
2142 3962
2143 2645
2143 3797
2143 4509
2144 3732
2144 4999
2145 3360
2145 3696
2147 4609
2148 4015
2148 4624
2149 3212
2150 4447
2151 3501
2152 4769
2153 3688
2154 2432
2154 2632
2154 4605
2155 2244
2155 2780
2155 3111
2155 3495
2155 3764
2156 2921
2156 4468
2157 3818
2157 4170
2157 4900
2158 2832
2158 3808
2158 4891
2159 2790
2159 2932
2159 4446
2159 4689
2160 2843
2160 3575
2160 4884
2160 4978
2161 3681
2162 2646
2162 3421
2163 3026
2163 4636
2164 3548
2164 3590
2164 3595
2164 4484
2164 4878
2165 2343
2165 3429
2165 4499
2166 2628
2166 3043
2166 3588
2166 4561
2167 2721
2168 4820
2169 2291
2169 2477
2170 2552
2170 3185
2170 3644
2170 3870
2170 4097
2170 4277
2170 4555
2170 4998
2172 3376
2172 3957
2172 4035
2172 4490
2173 2291
2174 3030
2176 2483
2177 4492
2178 2639
2178 2656
2178 2917
2178 3314
2178 4588
2180 2244
2180 2595
2181 2326
2181 2662
2181 4381
2182 4621
2183 2506
2183 4138
2183 4643
2184 2590
2184 3824
2185 2544
2185 3302
2185 4386
2185 4875
2186 2961
2186 3237
2186 3960
2186 4012
2186 4142
2187 2410
2187 2997
2187 4125
2189 2364
2189 3926
2189 4139
2190 3100
2190 3119
2190 4257
2191 3238
2192 2402
2193 3265
2193 4039
2194 4658
2195 3025
2195 3147
2195 3711
2195 4861
2196 3730
2198 3526
2198 3527
2198 4688
2199 4039
2200 3765
2200 4452
2201 2265
2202 3048
2202 3652
2203 4990
2204 4033
2204 4086
2205 2264
2205 2433
2205 3926
2205 4022
2205 4998
2206 2220
2206 2228
2206 2386
2206 3594
2206 4651
2207 2760
2207 3077
2207 4223
2208 3186
2208 3903
2209 2770
2209 4187
2210 2711
2210 2834
2210 3094
2210 3517
2210 3590
2210 3652
2210 3891
2211 4115
2211 4498
2211 4844
2211 4997
2212 2624
2212 2650
2212 4318
2213 2941
2214 2743
2214 4299
2216 2514
2216 3661
2216 4705
2217 2857
2217 3069
2218 2945
2218 4047
2218 4323
2218 4901
2218 4944
2219 2652
2219 2988
2219 3285
2220 2231
2220 2736
2220 3738
2220 4554
2220 4668
2221 3921
2221 4794
2222 2515
2222 2931
2222 4097
2222 4830
2224 3584
2225 2458
2225 3091
2225 4636
2226 2250
2226 2436
2226 4040
2227 2706
2227 3096
2228 2866
2228 2942
2228 3642
2229 2468
2229 2895
2230 3631
2230 4033
2230 4582
2231 2513
2231 3024
2231 4769
2231 4937
2233 3426
2233 4104
2233 4484
2233 4693
2234 3839
2234 3908
2235 2793
2235 4496
2236 2329
2236 2614
2236 3164
2237 3226
2237 4286
2238 2514
2239 2778
2239 3206
2240 2343
2240 2784
2240 3528
2240 4444
2241 3151
2241 4478
2242 2331
2242 2453
2242 2814
2242 4584
2243 2814
2243 4381
2243 4923
2244 4047
2244 4479
2246 4760
2247 2680
2248 3164
2248 3905
2249 4686
2249 4696
2250 2623
2250 3314
2250 3461
2250 4622
2250 4970
2251 3568
2251 4337
2251 4472
2252 2739
2252 4508
2252 4679
2252 4987
2253 2988
2254 2610
2254 2865
2254 3242
2254 3401
2255 4877
2255 4922
2256 3017
2257 2861
2257 3968
2257 4114
2258 3965
2258 3991
2258 4997
2259 3298
2259 3816
2259 4310
2259 4311
2259 4570
2260 2380
2260 2950
2260 3233
2260 3418
2260 3425
2260 4391
2261 3646
2262 2709
2262 2748
2262 3616
2263 2745
2263 4533
2264 2349
2265 4730
2266 2595
2266 4303
2268 2354
2268 4322
2269 2870
2269 4001
2269 4357
2269 4427
2270 3756
2271 2429
2271 2759
2271 3569
2272 4003
2273 4242
2273 4921
2275 3150
2275 3922
2276 2700
2276 2966
2276 4619
2277 2785
2277 3207
2277 3228
2277 4921
2279 2324
2279 2359
2279 2515
2279 2707
2280 3317
2280 3792
2281 3604
2282 2964
2283 2679
2283 3129
2283 3563
2283 4186
2283 4792
2284 2995
2284 3386
2284 3871
2284 4557
2285 2768
2285 2805
2285 3805
2286 3110
2286 3786
2286 4401
2287 2377
2287 3306
2287 4038
2288 4236
2288 4805
2289 4617
2290 2733
2290 2973
2291 4928
2292 3050
2292 3363
2292 4306
2293 2885
2293 3925
2293 4531
2294 3997
2294 4684
2295 2481
2295 3522
2295 3821
2296 3506
2296 3612
2296 4093
2296 4723
2296 4801
2297 2676
2297 2729
2297 2874
2298 2600
2298 4564
2299 3298
2299 3517
2300 3924
2300 4281
2300 4286
2300 4617
2303 3517
2304 3504
2304 4636
2304 4850
2305 2874
2305 3895
2306 2490
2306 2959
2306 3651
2306 3665
2306 4149
2307 2956
2307 3008
2307 3177
2308 2904
2309 2345
2309 2815
2309 2959
2309 3392
2309 4967
2310 3816
2311 4814
2312 2850
2312 2939
2313 2708
2313 3151
2314 2598
2314 2766
2314 4790
2315 2325
2315 3232
2315 3240
2315 3810
2315 4504
2316 2508
2316 3884
2316 4315
2316 4934
2318 2591
2318 4337
2319 3134
2319 4676
2320 2489
2320 2918
2320 4045
2321 2776
2321 4147
2321 4268
2321 4537
2322 2762
2322 4308
2323 2735
2323 2959
2323 3450
2324 2784
2324 2992
2324 3246
2324 3896
2324 4211
2324 4415
2326 3000
2326 4179
2326 4740
2327 2447
2327 4050
2327 4918
2328 2548
2328 4382
2328 4518
2330 2670
2330 3441
2330 4740
2331 2785
2331 2855
2332 4375
2332 4420
2333 2420
2333 2957
2333 3073
2333 3364
2333 3386
2333 3613
2333 4225
2333 4619
2333 4906
2334 2541
2334 3086
2334 3476
2335 3724
2335 4150
2335 4410
2335 4909
2336 3322
2336 4185
2336 4399
2336 4572
2337 3769
2337 4081
2338 3233
2338 3426
2338 3492
2338 4082
2338 4088
2338 4416
2339 2546
2339 3452
2339 3724
2340 3613
2340 4025
2340 4151
2342 2923
2342 2946
2342 4159
2342 4390
2343 3688
2343 4791
2344 3440
2345 2574
2345 2793
2345 3290
2346 2656
2346 4153
2346 4622
2348 4167
2349 2755
2350 3979
2350 4132
2350 4309
2351 2946
2352 2690
2352 3058
2352 3568
2353 3594
2355 2956
2355 3064
2357 3466
2357 3886
2357 4481
2357 4501
2358 3512
2358 3702
2359 4541
2360 3762
2361 3327
2361 3669
2361 3724
2361 3729
2362 2603
2362 3064
2362 4115
2362 4333
2362 4922
2363 3662
2364 2761
2364 3173
2365 3822
2365 4493
2365 4659
2366 3693
2367 3611
2367 4840
2368 3602
2369 2683
2369 3731
2370 2546
2370 3233
2370 3449
2371 3388
2372 3304
2372 4164
2372 4240
2372 4758
2373 2818
2375 4731
2376 3359
2376 4196
2377 4571
2378 3972
2379 3072
2379 3308
2379 4352
2380 4613
2381 3943
2382 2587
2382 3101
2383 3615
2383 3691
2384 3884
2384 4131
2385 3998
2385 4337
2385 4573
2385 4828
2386 2838
2386 3857
2386 4811
2387 3250
2387 4436
2389 2948
2389 4073
2389 4778
2390 2585
2390 3767
2390 3981
2392 2632
2392 4090
2394 3219
2395 4225
2396 3447
2397 4758
2397 4940
2398 3199
2400 3955
2400 4354
2401 2459
2401 3367
2401 4316
2402 4729
2402 4975
2403 2637
2403 4041
2404 2630
2404 3087
2404 4196
2405 3250
2405 3264
2405 3533
2406 3985
2406 4189
2406 4984
2407 2410
2407 3330
2407 4401
2408 2866
2408 4200
2409 3439
2409 3916
2410 2572
2410 4027
2411 2684
2411 3846
2411 3875
2411 4800
2412 2454
2412 2482
2412 2694
2412 3316
2412 4989
2413 3167
2413 4234
2413 4539
2413 4560
2413 5000
2415 2469
2415 3002
2415 4650
2416 4912
2417 2750
2417 3026
2417 4031
2417 4746
2417 4957
2419 3563
2419 4031
2420 3131
2422 2714
2422 3499
2422 4417
2423 3368
2423 4155
2424 4070
2424 4996
2425 3229
2425 3653
2426 2487
2426 2872
2426 4405
2426 4888
2427 4549
2428 4148
2428 4438
2429 3274
2429 3446
2429 3906
2430 2646
2430 2892
2431 2596
2431 3586
2432 4956
2433 3156
2433 3276
2433 4878
2435 2878
2435 4576
2436 3514
2436 3816
2436 4054
2436 4476
2437 2535
2437 2565
2437 3803
2438 2966
2439 2636
2439 4514
2440 2894
2440 3822
2441 2864
2441 2952
2442 3818
2442 4120
2443 2728
2443 2965
2443 3200
2443 4014
2443 4566
2444 3858
2444 4869
2445 2667
2445 4780
2446 3666
2446 3683
2447 4288
2447 4712
2448 2819
2448 2899
2448 4015
2448 4808
2449 3057
2450 3537
2451 2995
2451 4885
2452 4726
2452 4780
2453 2544
2453 3687
2453 4113
2453 4408
2454 2733
2454 4171
2456 3100
2456 3196
2457 4371
2458 4682
2459 4223
2460 4613
2461 3499
2462 3055
2462 3119
2462 3288
2462 3796
2463 2833
2464 2718
2464 3550
2464 3942
2465 2930
2466 3876
2467 3121
2467 3649
2469 2945
2469 4851
2470 2805
2470 3717
2470 3737
2470 3961
2471 2777
2471 2946
2471 2950
2471 2955
2471 3063
2471 3149
2471 3564
2472 3823
2472 4507
2472 4640
2473 3426
2473 3797
2473 4324
2474 2682
2474 2840
2474 4616
2475 3210
2475 4989
2476 3212
2476 3309
2476 3875
2476 4571
2477 4403
2479 2980
2479 3806
2479 4443
2479 4688
2480 4571
2481 2483
2481 3471
2481 3553
2481 3989
2482 4615
2483 2680
2483 3419
2483 4540
2483 4955
2484 2534
2484 4252
2485 3830
2485 4932
2486 2882
2486 3338
2486 4268
2487 2962
2487 3579
2487 3909
2487 4000
2488 3365
2488 3601
2488 4770
2489 2801
2490 4853
2491 4049
2492 3347
2493 4572
2493 4783
2493 4984
2494 2946
2494 3407
2494 4085
2494 4099
2495 4192
2496 3089
2496 3460
2496 4992
2497 3257
2497 3929
2497 4027
2499 2924
2499 3214
2500 3601
2500 4200
2501 4585
2502 2898
2502 3186
2502 3296
2502 3949
2503 2852
2503 3482
2503 4014
2503 4495
2503 4879
2504 2785
2504 3728
2505 2701
2506 3182
2507 4736
2508 2856
2508 3486
2508 3898
2508 4020
2509 4024
2510 2546
2511 3003
2511 3260
2512 2909
2512 4944
2513 2785
2513 3256
2513 3273
2513 3502
2514 4424
2515 2895
2516 3133
2516 4399
2517 2710
2517 4163
2517 4388
2518 4505
2519 2888
2519 3802
2519 3896
2519 3962
2521 2933
2521 3316
2521 4680
2522 2936
2522 3726
2522 3774
2522 4471
2524 2717
2524 3855
2524 3875
2524 4998
2525 2527
2525 2820
2525 3413
2525 3548
2525 4602
2526 3104
2527 4653
2528 2922
2528 3921
2529 3896
2529 4277
2529 4734
2529 4756
2530 2839
2530 3179
2530 3386
2530 4634
2532 2830
2532 2935
2532 4586
2533 3286
2534 3789
2534 4812
2535 2757
2535 3663
2535 4330
2535 4527
2536 3739
2536 3927
2537 3605
2538 2992
2538 3653
2538 3782
2538 4200
2538 4653
2539 4066
2540 4609
2541 2781
2541 4886
2542 3097
2542 4271
2543 2848
2544 3165
2544 3504
2544 3848
2544 4281
2544 4778
2545 2989
2546 3027
2546 3799
2547 3465
2547 4099
2548 3636
2548 3675
2548 4694
2549 4055
2550 4903
2551 3905
2551 4873
2552 3966
2553 3195
2555 3163
2556 3679
2556 4393
2557 3252
2558 4441
2558 4643
2559 4049
2560 3414
2561 3156
2561 3525
2563 4716
2564 2872
2564 4269
2566 4778
2567 3160
2567 3926
2568 3413
2568 3569
2568 4609
2570 4395
2572 2816
2572 3777
2573 3484
2573 4615
2574 3501
2574 4009
2574 4208
2575 3443
2576 3253
2577 2672
2577 4075
2577 4135
2578 4568
2578 4594
2580 2607
2580 3263
2580 4480
2581 4940
2585 4749
2585 4977
2586 3043
2586 3473
2586 4662
2588 2625
2588 3817
2589 2974
2589 3336
2589 4853
2591 3134
2591 4557
2592 2891
2592 4704
2593 3613
2594 4208
2595 3438
2600 3922
2600 4148
2601 4105
2601 4875
2602 3513
2603 4530
2604 3325
2604 4433
2606 3401
2606 4747
2607 3817
2608 2876
2608 3255
2608 3462
2609 3985
2610 2660
2610 2952
2611 2684
2611 3539
2611 3938
2612 2780
2612 3191
2612 4663
2613 2709
2613 2887
2613 4783
2614 3280
2615 3696
2616 3369
2617 3212
2618 3461
2618 3575
2619 3275
2619 4800
2620 2712
2620 4778
2621 3302
2622 2839
2622 2870
2622 3341
2623 2992
2623 4817
2624 2847
2624 2896
2624 3905
2625 4748
2626 2776
2626 4089
2626 4187
2626 4547
2627 3427
2627 3621
2628 3060
2628 3924
2629 2906
2629 2990
2629 3483
2629 4338
2630 3729
2632 3038
2633 4125
2633 4705
2633 4928
2635 3746
2635 4554
2635 4658
2636 3593
2636 3652
2636 4436
2636 4663
2636 4684
2637 3066
2637 4594
2638 2971
2640 4124
2640 4404
2641 4303
2641 4910
2642 4476
2642 4614
2643 3683
2644 4719
2644 4721
2644 4882
2645 4586
2645 4604
2645 4776
2646 3930
2646 4331
2647 2841
2647 4509
2648 2680
2648 3599
2648 4734
2649 4774
2650 3199
2650 3903
2650 4629
2652 4532
2652 4590
2652 4817
2653 2721
2655 2802
2655 3213
2656 4386
2656 4630
2657 2723
2657 3656
2657 4160
2657 4753
2658 4032
2658 4607
2659 4748
2659 4907
2660 4246
2660 4680
2661 3444
2661 3758
2661 3809
2662 3053
2662 3126
2662 3775
2662 4721
2663 3083
2663 3331
2663 3656
2663 3963
2663 4705
2663 4842
2664 4394
2666 2687
2667 2693
2667 4665
2668 2674
2668 3760
2669 3741
2669 4614
2670 4958
2671 4349
2672 3103
2672 3516
2672 4400
2673 3146
2673 3706
2675 2976
2675 4639
2676 2796
2676 4644
2677 2710
2678 2684
2678 2979
2678 4096
2679 2928
2679 4131
2679 4782
2681 4419
2681 4530
2682 2794
2682 4146
2683 3139
2683 4536
2683 4657
2684 3191
2684 3445
2685 3680
2685 4413
2686 4049
2688 3865
2689 3033
2690 3577
2691 4223
2692 3264
2693 3647
2693 3957
2694 3933
2694 3975
2695 3465
2695 4631
2696 2954
2696 4386
2697 3177
2697 4227
2698 2733
2698 2995
2698 4542
2699 3505
2701 4515
2703 2765
2704 3314
2704 4367
2704 4713
2706 3288
2706 4170
2707 2762
2707 3790
2707 4007
2707 4540
2708 2776
2708 2815
2708 3227
2708 3639
2708 4344
2708 4837
2708 4914
2709 2875
2709 3693
2709 4664
2710 3389
2710 3611
2710 4758
2711 3353
2711 4286
2711 4587
2712 3563
2712 4443
2713 4125
2714 2786
2714 4292
2714 4401
2714 4890
2715 3597
2715 4349
2716 2897
2717 3024
2717 3058
2717 3400
2717 3987
2717 4155
2718 3393
2718 4960
2719 3930
2719 4437
2720 3361
2720 3895
2721 3217
2721 3763
2721 4050
2722 3123
2722 3710
2723 2864
2724 3361
2725 3711
2725 4021
2726 3450
2727 3970
2727 4469
2728 3356
2728 4005
2728 4057
2729 3660
2729 3725
2731 2768
2731 3181
2731 4932
2732 4145
2732 4179
2732 4497
2734 3008
2734 4523
2734 4949
2735 4093
2735 4261
2736 3243
2736 3389
2736 3512
2736 3816
2736 4247
2736 4745
2737 3375
2737 3962
2739 2787
2739 3184
2739 3257
2739 3932
2739 4181
2740 4089
2740 4329
2740 4417
2743 2789
2743 3195
2743 4584
2743 4617
2743 4997
2744 4522
2745 3468
2746 3275
2746 3539
2746 4461
2748 2845
2748 4251
2748 4989
2751 4109
2751 4116
2752 2875
2752 3047
2752 4060
2753 3216
2753 3964
2754 3774
2755 2756
2755 2772
2756 2771
2756 3666
2757 2947
2758 4300
2758 4322
2758 4977
2759 2768
2760 2937
2760 3003
2760 4594
2761 3885
2765 4894
2766 3604
2766 3607
2766 4152
2767 3269
2767 3409
2767 4875
2768 3172
2769 3903
2769 4016
2770 3384
2770 4021
2770 4823
2771 4532
2772 3543
2772 4259
2773 2908
2773 3269
2775 4534
2776 2998
2777 3134
2777 3455
2777 4843
2778 4992
2780 3464
2780 3594
2780 3854
2780 4645
2781 4536
2781 4960
2783 3505
2784 3808
2785 3637
2785 4432
2786 4210
2786 4365
2786 4711
2787 2884
2787 3658
2787 4074
2788 4397
2788 4796
2789 3221
2791 2835
2792 2840
2792 3056
2792 3545
2792 3783
2792 4755
2793 3329
2793 3427
2794 3423
2794 3744
2796 3524
2797 3737
2797 4374
2801 3883
2801 4807
2803 4967
2806 2865
2806 2896
2806 3406
2806 4286
2806 4383
2807 2920
2807 4033
2807 4320
2807 4359
2808 3176
2808 3629
2809 3634
2809 4360
2810 3838
2810 4529
2811 3705
2811 3734
2811 3954
2811 4031
2812 3360
2812 4205
2812 4380
2813 3388
2813 4274
2813 4844
2815 4097
2815 4145
2815 4895
2816 4508
2817 3800
2817 3973
2817 4694
2818 3262
2818 3597
2819 3913
2819 4866
2820 3283
2820 3547
2821 3269
2821 4535
2823 4362
2823 4786
2824 3691
2824 3734
2824 3763
2825 4207
2825 4522
2827 3072
2827 4227
2827 4386
2827 4638
2827 4712
2828 3723
2828 4582
2829 2894
2829 3703
2829 3842
2829 4101
2830 3871
2830 4168
2831 3697
2831 4435
2832 3173
2832 3557
2832 3757
2832 4146
2833 2913
2833 4760
2834 4381
2835 2971
2835 3114
2835 3353
2835 3741
2835 3974
2835 4342
2836 4183
2836 4455
2838 4077
2838 4998
2839 3225
2839 3329
2839 4090
2840 2936
2840 3291
2841 4933
2842 3864
2842 3958
2843 3030
2843 3835
2843 4535
2843 4914
2845 4095
2845 4450
2845 4842
2846 3009
2847 3412
2847 3770
2847 3966
2848 2879
2848 3451
2848 4960
2850 3170
2850 3219
2850 4477
2850 4499
2850 4716
2851 4656
2852 3730
2852 4510
2853 3878
2853 4043
2853 4831
2854 3304
2854 3579
2854 4321
2854 4843
2856 3487
2856 3631
2857 3195
2857 3980
2858 3019
2858 3566
2858 3676
2858 4256
2859 3763
2859 3942
2862 4231
2862 4492
2863 3472
2865 3888
2865 4212
2865 4819
2868 3351
2870 4366
2870 4768
2870 4893
2870 4926
2871 4016
2872 4762
2872 4793
2873 3460
2873 3912
2874 3899
2877 3594
2877 3772
2877 3961
2879 3301
2879 4341
2879 4502
2880 3637
2880 3990
2881 3073
2881 3620
2881 4439
2881 4874
2882 4263
2882 4976
2883 4541
2884 3176
2884 3360
2885 3358
2885 3706
2886 4733
2888 3021
2889 3197
2889 3402
2889 4457
2890 3852
2892 3381
2892 4625
2893 2977
2893 3152
2894 3080
2895 3612
2895 4004
2896 3918
2896 4676
2896 4914
2897 3953
2897 4457
2898 3368
2898 3513
2898 3716
2898 3902
2899 4812
2900 4859
2901 3313
2902 3116
2902 3255
2902 3681
2902 4894
2903 3010
2903 3779
2903 4195
2903 4365
2904 4423
2904 4837
2905 4207
2905 4720
2905 4920
2906 3284
2906 3444
2906 4160
2906 4350
2906 4425
2907 4882
2908 4766
2908 4909
2908 4987
2909 3229
2909 4236
2911 3066
2911 4328
2911 4565
2911 4666
2915 4808
2917 2937
2917 2970
2917 3285
2917 4664
2918 3375
2918 4438
2919 3591
2919 3656
2920 4170
2921 4387
2921 4571
2921 4919
2922 3486
2922 4509
2922 4563
2923 3259
2923 4451
2923 4997
2924 4770
2925 3045
2925 4228
2925 4593
2925 4797
2927 3277
2928 3072
2928 3135
2928 4052
2928 4759
2929 3128
2929 3332
2929 4468
2929 4674
2930 4602
2931 3168
2931 3631
2931 4135
2932 4105
2932 4483
2932 4998
2933 3766
2933 4776
2935 3390
2935 4632
2935 4897
2936 4307
2936 4382
2937 3767
2937 4609
2938 3969
2940 2997
2940 4926
2941 4698
2942 3231
2942 3733
2943 4607
2945 4590
2945 4898
2946 4126
2947 4842
2948 3317
2948 3924
2948 4947
2949 3597
2949 3697
2950 3228
2950 3734
2950 3747
2950 3769
2950 4017
2950 4544
2951 3122
2951 4471
2952 3735
2953 4003
2953 4012
2954 4126
2955 3431
2955 4076
2956 3654
2956 4048
2957 4332
2957 4594
2958 4060
2958 4741
2959 4886
2961 3047
2961 4477
2963 3292
2963 3803
2964 3224
2964 4094
2964 4517
2965 3031
2965 3580
2965 4809
2966 3974
2967 4481
2968 3861
2969 3478
2969 3587
2969 4454
2970 3997
2970 4366
2970 4932
2970 4980
2971 4345
2971 4780
2971 4785
2971 4944
2972 4429
2972 4839
2973 3192
2973 4212
2975 3168
2975 4022
2976 4856
2977 3344
2977 3728
2977 4604
2978 4942
2979 4423
2980 3100
2981 3653
2983 3966
2983 4380
2983 4744
2985 4203
2985 4865
2986 3261
2986 3998
2986 4507
2989 3851
2990 3178
2990 3325
2990 4312
2991 3304
2991 3378
2991 3485
2992 4690
2993 4475
2993 4657
2994 3041
2994 3656
2994 4601
2994 4610
2994 4697
2995 4024
2995 4030
2995 4496
2995 4914
2996 4875
2997 4257
2997 4341
2997 4976
2998 3449
2998 3483
2998 3509
2998 3785
3000 3232
3000 3288
3000 3690
3000 3877
3000 4184
3001 3670
3001 3833
3002 3442
3002 3669
3002 3813
3003 3064
3003 3456
3003 3758
3004 4620
3006 3408
3006 3532
3006 4570
3006 4620
3007 4116
3007 4499
3009 3251
3009 3415
3009 3660
3010 3824
3011 3630
3011 4762
3012 4871
3014 3532
3014 4040
3015 3301
3015 3538
3015 3831
3015 4039
3015 4238
3015 4480
3016 3744
3016 3788
3016 3900
3016 4847
3017 4566
3018 3481
3018 3549
3018 4247
3022 3692
3022 3749
3022 4244
3023 3437
3024 4259
3025 3435
3025 3492
3027 4690
3028 3226
3028 3787
3028 4037
3029 4484
3029 4950
3031 4466
3032 3698
3033 4705
3033 4898
3035 3894
3035 4604
3036 4123
3036 4829
3037 3795
3037 3999
3038 3823
3039 3115
3039 4251
3040 3958
3041 3349
3043 3362
3044 3386
3045 3458
3045 3805
3045 4322
3047 4054
3047 4436
3048 3139
3048 3767
3048 3873
3049 3921
3050 4277
3051 3423
3051 3744
3051 4917
3052 3883
3052 4519
3053 3480
3054 4208
3055 3164
3055 4938
3056 3414
3057 4810
3058 3714
3058 4694
3059 3175
3059 4009
3059 4445
3060 3129
3060 3510
3060 4487
3061 3264
3061 3751
3061 3914
3061 4669
3061 4756
3063 4385
3064 3193
3065 3355
3065 3588
3065 4908
3066 3325
3066 3410
3067 4051
3067 4551
3067 4554
3068 3071
3068 3546
3068 3780
3068 3881
3068 4108
3068 4622
3068 4701
3068 4928
3070 3104
3070 4972
3072 3990
3072 4093
3074 3404
3074 4066
3074 4204
3076 3755
3077 3802
3078 4499
3078 4575
3079 3214
3079 4342
3080 3620
3080 4412
3081 3894
3082 3374
3082 4921
3083 3949
3084 3450
3084 3947
3086 3167
3086 4125
3086 4816
3087 3125
3087 3554
3087 4044
3087 4767
3087 4906
3087 4966
3088 3366
3088 3881
3088 4996
3089 3991
3089 4618
3090 3659
3091 4410
3092 3601
3092 3695
3093 3211
3093 3762
3093 3848
3093 3975
3093 4069
3093 4537
3093 4680
3093 4848
3094 4737
3095 3529
3096 3720
3098 3842
3098 4529
3098 4672
3099 3793
3100 3203
3101 3777
3101 3840
3101 4352
3102 3934
3103 4568
3104 4838
3105 4314
3108 3432
3108 3626
3108 4168
3110 3259
3110 4700
3112 3347
3112 3612
3112 3936
3113 3829
3114 4006
3114 4041
3114 4364
3115 3639
3115 4638
3116 3203
3116 4077
3118 4616
3120 4584
3121 3662
3121 3839
3121 4947
3122 4594
3123 3852
3124 3976
3124 4311
3125 3804
3127 4461
3127 4816
3128 4437
3129 4842
3130 3523
3130 4116
3131 3373
3131 3441
3131 4640
3132 4564
3132 4938
3133 3551
3133 3736
3133 3773
3133 4481
3134 3439
3134 3916
3135 4364
3135 4668
3136 3305
3136 3761
3136 3926
3136 4117
3138 3755
3138 4573
3138 4913
3139 3635
3140 3813
3141 3786
3141 4814
3142 4156
3143 3318
3143 3485
3143 4176
3144 3861
3144 3979
3144 4534
3145 4429
3146 3630
3146 4105
3146 4214
3146 4222
3146 4822
3146 4878
3147 3253
3147 3335
3149 3452
3149 4235
3150 3818
3150 4650
3150 4730
3151 3183
3151 4078
3151 4168
3151 4441
3152 3272
3152 3406
3152 4428
3153 3903
3153 4418
3154 3685
3154 4218
3154 4325
3155 3384
3155 4415
3157 3353
3158 3488
3158 3695
3158 3823
3158 4435
3159 3959
3160 3734
3160 4505
3161 4262
3161 4397
3163 4018
3163 4943
3164 4441
3165 3596
3167 3502
3167 3936
3167 4006
3167 4142
3168 3685
3168 4669
3168 4952
3169 3240
3169 4602
3170 4630
3171 4298
3172 3317
3172 3780
3172 4767
3175 3944
3176 4044
3177 3353
3177 4330
3178 3842
3178 4715
3179 4385
3180 3826
3180 4329
3180 4516
3181 3734
3182 3813
3182 5000
3183 3414
3184 4805
3185 3271
3185 3449
3185 3811
3185 4680
3185 4874
3186 3384
3186 3481
3186 4256
3186 4818
3187 4393
3191 3456
3192 4018
3192 4632
3193 4054
3194 4935
3194 4953
3196 3823
3197 3333
3198 3435
3198 3555
3198 3818
3198 4569
3198 4617
3199 3654
3199 3812
3199 4106
3200 3232
3200 4492
3201 4132
3203 4561
3203 4610
3203 4923
3204 3957
3205 3408
3206 4738
3206 4771
3206 4780
3206 4947
3207 3396
3208 3814
3208 4826
3209 3467
3210 3719
3211 3664
3212 3631
3212 3951
3213 3667
3214 4127
3215 4972
3216 3534
3217 3989
3218 3682
3218 4347
3219 3328
3219 4168
3219 4755
3221 3693
3221 4220
3222 3256
3222 4397
3224 3451
3224 4142
3224 4307
3224 4565
3224 4854
3224 4940
3225 4561
3226 4085
3227 4043
3227 4421
3227 4798
3228 3977
3228 4960
3229 3315
3229 3810
3229 4460
3229 4490
3229 4917
3230 4621
3230 4857
3231 4109
3232 4737
3233 3553
3233 4415
3237 3831
3237 4488
3238 3476
3238 4005
3239 3670
3239 4233
3240 3749
3240 4033
3240 4161
3240 4613
3241 3327
3241 4522
3244 4713
3246 3878
3246 3989
3246 4673
3246 4943
3247 3815
3247 4728
3249 3482
3250 3367
3251 3952
3251 4026
3253 3426
3253 4507
3254 4481
3254 4830
3255 3827
3256 4603
3257 3306
3257 4615
3260 4524
3261 3284
3261 4128
3261 4488
3262 4139
3262 4981
3264 3684
3265 3334
3265 3941
3265 3994
3266 3337
3266 3424
